79 69 97
62 22 75
80 37 1
63 17 9
92 8 27
29 75 38
82 69 46
37 24 57
31 9 50
80 77 77
16 33 38
67 88 54
77 15 84
28 89 10
58 94 44
19 17 36
6 9 10
26 7 90
38 55 69
15 59 30
9 13 61
57 80 65
9 36 68
49 70 3
40 86 45
21 1 82
37 72 29
16 57 40
15 36 36
17 26 84
34 36 31
81 21 73
92 48 65
6 58 27
82 81 89
73 74 3
92 92 60
97 68 34
77 52 83
36 47 23
97 66 14
47 32 43
10 27 77
57 11 3
44 97 61
37 34 30
60 25 20
67 25 61
98 43 23
20 88 13
14 28 75
60 54 7
61 76 55
61 45 61
44 73 22
73 61 78
84 81 32
47 2 59
34 77 56
63 4 79
22 4 15
25 66 13
77 64 56
53 68 35
19 58 75
69 19 14
53 31 4
35 62 80
62 43 13
34 66 76
91 57 28
87 0 34
3 74 70
86 50 91
4 38 23
56 8 6
75 8 78
3 19 88
95 2 0
93 81 72
39 59 10
89 84 68
18 9 46
59 35 15
0 63 3
26 42 9
52 96 20
72 60 17
4 95 75
21 89 60
50 53 91
49 51 23
29 31 74
32 31 61
37 68 83
96 20 36
59 37 2
81 37 80
57 30 28
67 11 69
84 14 65
92 61 14
55 40 98
81 96 96
84 72 46
37 98 46
0 76 72
7 41 1
24 81 84
91 61 8
41 40 82
86 29 89
10 41 10
29 45 21
86 58 19
18 32 12
83 54 67
49 90 93
6 0 13
83 16 87
0 73 8
74 51 69
20 47 52
86 29 56
45 61 48
18 29 30
45 66 2
92 25 83
31 59 73
61 36 73
0 57 65
84 3 38
15 40 71
20 93 21
86 76 56
29 19 74
63 90 77
14 93 67
55 91 65
47 34 1
5 15 51
3 9 75
31 73 79
50 66 49
12 68 56
37 47 97
83 84 42
74 54 56
74 59 22
93 46 7
58 91 12
62 20 13
67 94 86
44 82 31
2 27 9
34 79 13
57 27 18
73 95 17
27 40 81
17 3 19
45 26 74
62 15 50
65 62 72
41 39 0
71 74 13
86 77 33
80 79 79
67 63 69
10 32 1
81 49 74
83 69 42
96 60 77
12 57 60
59 30 82
73 34 39
67 66 19
32 47 42
20 11 97
48 5 45
43 11 92
78 20 42
17 14 65
19 43 72
45 9 72
85 2 35
1 50 11
72 20 62
44 70 52
30 22 26
68 49 17
20 74 25
86 93 73
29 48 98
23 16 93
87 22 62
55 29 86
82 71 9
45 86 82
52 94 98
28 10 87
8 4 19
81 51 11
10 66 95
82 29 31
62 88 45
91 7 48
95 58 81
88 59 31
75 98 13
67 29 62
56 62 62
32 79 84
43 98 55
55 91 69
15 29 16
86 40 5
16 85 60
44 50 70
53 61 28
74 70 29
89 54 7
14 37 75
38 18 2
77 15 67
11 5 98
35 60 33
16 19 17
67 97 55
86 23 19
35 2 42
89 30 83
14 12 15
34 9 86
45 40 80
8 13 54
66 82 51
12 35 54
60 51 59
70 38 74
46 53 62
95 97 4
48 85 92
96 55 60
84 35 49
86 34 39
79 27 10
91 30 69
79 86 24
37 5 67
86 27 61
61 71 20
21 8 50
93 10 31
59 27 52
47 24 90
91 13 89
97 66 52
29 2 34
21 59 46
53 54 60
58 28 25
3 72 19
11 73 50
74 30 67
54 30 52
20 43 2
26 81 96
48 84 89
22 0 49
26 34 30
90 58 90
17 60 12
22 56 93
2 35 16
98 58 88
13 6 53
72 29 14
0 82 98
58 87 16
95 85 86
63 16 48
19 85 2
85 27 0
16 86 91
59 5 11
72 29 38
80 25 11
17 44 77
55 28 1
55 67 48
64 43 95
94 71 71
16 73 3
1 62 16
8 51 68
5 50 26
87 62 25
6 48 57
7 66 76
50 61 47
61 56 71
89 41 25
61 15 49
2 56 91
78 57 46
11 78 83
79 2 34
90 22 83
97 78 83
60 38 67
14 72 29
26 16 69
88 21 3
20 32 53
97 40 91
19 5 15
87 67 85
25 74 27
8 70 58
67 73 18
92 3 42
20 23 36
68 91 86
86 0 69
6 1 36
22 85 23
73 4 36
4 85 6
44 3 10
12 82 28
85 59 76
25 13 32
90 76 52
42 26 35
39 64 42
48 16 18
92 15 17
64 35 27
69 62 48
16 41 15
35 28 49
49 67 84
53 15 67
7 58 47
44 59 35
98 16 32
4 75 4
28 15 76
31 56 5
93 15 49
64 24 56
93 0 90
11 7 78
17 13 68
17 26 94
58 14 98
56 30 41
79 16 96
60 73 35
98 68 37
23 25 7
1 44 6
93 90 67
96 71 35
53 51 37
18 84 75
7 31 55
58 61 18
14 78 40
77 95 4
54 76 84
65 15 41
55 28 49
27 73 72
3 13 42
55 80 78
89 2 6
97 29 92
64 58 37
31 28 50
83 51 81
21 87 70
73 47 93
35 67 82
75 3 30
59 64 87
60 16 55
53 23 31
5 79 47
28 19 35
64 24 75
36 25 89
74 41 15
61 20 47
40 87 78
9 70 5
23 1 60
25 33 26
35 89 42
68 91 88
69 83 96
53 43 24
56 12 24
28 84 9
93 45 70
21 93 31
76 34 52
92 2 56
93 62 4
0 25 20
49 27 52
10 85 79
61 21 7
20 5 82
22 54 36
68 11 98
23 10 47
72 5 4
78 11 42
11 46 63
61 72 3
8 28 13
74 29 86
80 52 34
70 49 15
36 1 18
66 79 45
6 69 34
10 32 12
18 91 14
62 34 83
96 35 4
51 95 4
94 50 38
50 11 97
90 14 47
95 79 2
79 32 55
73 93 77
71 61 73
7 70 63
71 70 14
61 77 30
82 72 67
8 90 58
72 0 50
37 56 88
87 38 42
76 83 15
84 49 17
81 22 27
37 63 77
88 33 91
91 26 36
90 42 80
37 2 35
41 85 66
38 35 29
76 46 59
66 83 27
46 37 8
90 41 98
18 90 48
43 14 66
30 22 87
31 0 56
5 17 83
63 2 85
46 32 61
58 41 41
81 83 72
89 26 91
18 59 22
49 46 98
70 74 45
14 45 72
93 39 58
33 76 72
83 42 80
10 70 8
50 18 26
56 54 39
32 33 49
81 69 64
60 11 48
22 26 58
50 68 15
31 56 85
5 85 30
26 90 61
66 89 43
4 26 96
48 58 32
91 58 70
44 0 1
93 46 46
54 78 13
54 40 13
67 73 70
49 9 9
85 3 4
48 21 73
94 39 47
50 14 78
46 86 45
64 5 17
11 94 50
47 65 11
95 21 64
88 50 87
38 72 58
88 55 32
89 89 11
37 44 13
17 35 73
52 4 49
15 79 31
68 64 59
98 13 91
81 81 33
28 74 28
17 30 25
60 64 18
42 49 91
8 67 61
65 70 54
28 75 42
16 17 0
97 82 21
67 37 18
48 69 22
83 47 59
33 31 55
14 98 20
1 95 58
85 31 92
1 26 44
88 11 96
50 3 43
10 33 8
15 0 7
53 47 44
60 9 75
89 96 25
83 15 55
46 2 3
39 7 39
30 52 83
61 78 5
37 0 1
88 2 5
64 52 45
72 66 14
54 8 47
93 79 40
49 39 97
43 37 8
3 22 21
19 42 36
76 10 16
69 61 10
16 11 6
50 70 91
28 3 87
8 3 35
50 94 74
76 50 52
71 14 76
18 27 79
83 11 71
11 2 49
60 56 76
95 51 54
76 74 36
45 49 68
69 17 43
34 60 31
93 20 34
59 96 37
60 32 43
2 0 65
33 26 47
84 9 98
7 37 47
15 97 32
68 49 33
1 90 69
13 69 27
20 76 9
88 40 48
56 21 91
69 97 49
70 38 69
73 9 86
22 28 64
68 62 15
4 18 86
51 42 71
70 8 58
16 65 77
17 86 87
8 59 95
79 36 56
89 33 35
36 85 80
39 75 52
85 27 29
36 76 36
74 66 52
9 98 48
65 88 3
2 28 95
42 83 44
70 84 71
47 48 11
28 11 50
24 64 56
55 7 5
63 96 46
11 37 39
12 25 95
61 46 57
37 67 76
9 95 57
24 61 30
47 48 40
3 59 88
13 30 19
67 79 25
4 24 56
35 47 56
80 2 4
33 56 28
85 87 48
92 49 95
53 9 28
18 42 80
21 78 71
82 44 90
30 76 54
11 97 66
75 83 11
37 29 14
37 51 47
98 37 61
24 47 40
22 94 73
44 63 6
23 43 46
19 79 34
55 17 91
22 14 59
60 53 58
9 59 73
79 65 49
91 28 88
59 82 36
24 98 94
48 93 44
23 24 12
94 82 85
66 94 57
51 13 55
72 8 67
34 54 10
20 30 16
70 88 21
41 75 38
78 45 57
58 35 80
18 60 23
58 42 73
25 46 18
67 80 70
59 58 72
98 23 8
74 21 98
75 6 78
84 89 53
41 87 95
0 40 43
22 28 92
51 5 2
76 12 58
16 82 55
29 18 85
44 6 75
65 16 23
64 85 42
49 69 25
16 13 81
87 22 2
3 66 36
47 17 47
18 3 18
2 16 51
21 26 79
63 77 35
37 92 84
6 91 61
10 23 50
60 31 34
19 33 38
61 12 24
62 83 16
46 26 98
2 34 95
66 47 49
5 25 14
22 10 57
85 78 84
22 85 48
59 5 86
84 82 36
16 22 21
40 24 72
54 54 88
96 74 51
92 35 91
37 93 20
74 25 22
52 82 70
48 73 98
32 45 37
73 50 30
8 79 22
12 49 30
26 95 7
56 45 25
6 10 96
3 13 50
54 6 39
90 90 53
90 29 24
20 34 17
61 72 41
32 63 47
20 36 35
43 10 19
71 17 32
37 47 76
27 84 93
89 74 86
65 28 89
53 98 85
7 94 48
93 19 90
80 84 56
52 59 85
28 49 35
61 15 11
82 34 12
90 71 91
7 30 72
21 51 55
94 16 55
85 27 85
81 82 45
63 76 84
82 48 97
78 28 98
48 38 5
4 6 75
96 49 3
1 55 45
69 58 34
17 19 2
75 28 80
65 66 2
85 92 58
32 66 92
5 7 74
67 58 76
10 69 6
8 39 9
8 45 15
38 13 31
30 57 71
55 35 86
19 43 25
0 88 33
0 84 33
73 43 74
39 87 74
75 49 92
44 43 3
37 79 2
62 76 61
93 94 84
8 46 82
45 93 97
91 73 59
65 44 42
97 23 17
90 50 51
28 57 84
34 76 13
71 91 38
34 88 45
39 19 64
64 40 44
29 47 64
58 75 26
41 98 86
54 35 47
48 6 56
71 22 76
46 69 2
46 68 25
94 28 86
50 72 47
10 6 77
45 94 67
83 62 15
95 85 57
36 63 58
52 29 76
30 73 59
62 77 20
33 81 66
94 51 87
48 51 54
90 28 51
11 69 78
81 85 97
65 95 3
66 0 45
25 20 8
25 89 55
80 33 11
14 81 93
72 29 91
76 2 81
50 44 94
19 92 90
87 81 40
45 80 7
22 13 62
6 68 45
23 81 93
52 11 80
38 62 57
63 42 74
27 25 9
29 95 31
63 71 25
8 66 12
8 74 55
51 3 61
70 0 58
42 32 71
72 71 36
62 22 94
46 23 77
70 87 62
32 51 80
72 91 12
70 55 35
21 51 49
3 10 48
43 95 76
14 88 61
48 34 13
34 97 0
13 87 50
35 14 81
68 43 51
39 46 95
70 70 82
41 48 67
29 44 41
80 34 52
40 10 14
62 15 9
75 97 46
93 30 9
50 63 61
73 28 17
37 14 59
9 79 44
25 13 69
18 69 43
61 54 68
34 83 54
23 3 43
0 20 96
45 21 63
70 27 61
38 44 54
49 29 74
92 40 59
75 27 9
21 36 7
74 22 8
6 95 27
57 58 63
39 3 24
31 26 37
92 33 53
71 43 16
26 44 8
1 66 91
78 80 60
66 68 63
51 62 63
96 70 51
79 49 7
58 31 8
1 57 5
88 69 4
48 74 55
70 66 78
75 30 48
93 26 93
75 31 88
16 65 27
75 37 7
68 3 50
17 14 14
4 81 29
97 93 68
17 77 13
82 6 4
4 33 94
88 22 35
90 67 45
18 46 6
44 95 43
62 86 31
59 49 4
93 19 67
78 86 65
78 19 64
30 62 78
61 43 67
70 34 66
68 24 30
50 26 76
66 92 10
11 2 74
25 1 13
77 15 98
13 93 38
1 32 64
81 56 67
44 2 18
43 1 43
85 86 23
49 47 50
94 86 13
87 55 67
43 95 0
2 54 93
65 4 59
21 90 1
24 66 92
88 26 55
74 8 90
93 66 85
70 12 90
95 20 42
67 87 35
96 80 24
74 47 78
32 51 76
90 4 60
88 69 22
80 72 69
74 77 15
58 63 68
30 44 49
88 8 34
96 16 55
53 0 98
52 89 98
53 71 26
64 22 56
9 62 31
42 89 3
45 40 1
50 30 17
61 32 45
14 0 18
93 93 54
57 46 6
61 71 8
61 35 51
84 54 51
66 5 94
22 87 55
77 88 19
84 86 41
48 3 66
47 22 91
50 85 50
46 65 35
69 68 78
95 68 49
7 88 26
3 16 33
