83 18 50
14 0 70
78 20 85
35 61 52
75 56 36
46 69 53
2 74 29
57 71 10
0 74 9
77 28 54
46 19 63
40 14 47
77 55 75
38 29 71
68 23 78
45 83 75
72 67 48
90 14 50
65 53 36
80 73 82
70 41 95
86 59 68
62 20 83
15 92 21
67 32 46
95 17 86
81 40 95
58 93 5
85 80 32
96 60 25
90 68 74
83 45 97
89 91 91
8 19 82
62 52 47
23 18 27
10 84 83
34 89 89
53 82 96
5 89 47
63 85 62
38 61 27
65 19 22
45 76 87
71 31 89
78 68 35
29 61 29
28 37 5
25 93 66
18 52 30
33 65 86
11 30 64
42 47 29
14 94 17
16 27 49
98 8 45
47 27 13
29 69 21
20 46 81
86 15 69
6 42 48
2 43 64
79 46 73
73 49 64
26 77 91
96 86 93
45 24 36
29 22 94
68 71 7
93 9 43
69 46 52
9 29 80
72 49 15
19 47 13
23 21 58
86 51 64
12 78 16
15 6 26
46 21 92
27 62 35
66 86 50
52 34 14
11 90 6
37 97 55
4 12 53
77 76 44
45 44 9
55 15 81
36 25 77
59 85 17
42 12 26
46 10 80
90 1 14
65 31 54
88 90 10
85 80 37
35 17 81
75 69 61
91 76 20
40 70 27
