78 72 41
8 43 46
2 92 74
93 0 27
92 30 33
18 18 23
16 61 80
7 5 12
51 93 89
3 1 89
2 81 22
94 71 79
80 50 90
58 47 37
57 0 58
40 41 48
42 64 84
43 82 91
26 21 43
58 63 10
34 0 83
44 85 55
44 9 79
11 21 19
88 96 62
17 36 52
9 32 91
48 98 45
0 88 76
0 1 75
24 97 49
94 22 36
80 38 68
77 38 71
87 34 10
57 74 0
81 18 36
48 85 39
28 56 90
55 36 46
54 72 63
5 95 24
53 36 92
92 22 97
0 53 40
22 54 75
0 4 18
35 18 98
23 62 77
75 91 93
33 86 47
48 10 40
42 3 11
91 92 97
79 11 82
91 47 91
6 48 63
24 78 35
47 9 19
70 48 82
12 30 23
92 96 62
94 86 60
10 72 85
55 36 52
74 17 19
84 9 60
87 57 12
82 6 94
73 66 24
48 73 15
6 15 44
59 63 72
30 18 19
18 87 94
34 51 72
98 62 40
64 14 59
62 86 54
18 22 64
16 17 7
16 94 90
31 81 74
81 58 48
95 66 43
18 61 86
74 44 13
97 49 25
62 7 3
68 43 32
62 77 97
88 41 17
16 95 91
6 34 89
48 3 23
84 1 37
40 19 67
69 80 63
59 44 95
9 66 80
20 89 97
1 31 62
92 62 48
68 77 5
19 46 42
85 81 62
68 18 14
34 72 69
22 31 41
27 92 26
83 74 79
62 72 95
34 20 9
57 40 16
42 35 55
27 54 58
78 22 55
51 77 65
93 32 66
4 85 77
29 63 88
27 38 61
76 66 66
72 45 9
75 93 13
60 89 85
53 68 7
48 56 32
84 81 31
36 98 29
63 91 85
5 18 55
15 89 42
21 21 41
25 59 40
1 74 59
32 54 28
82 87 79
36 54 53
28 5 24
67 23 60
3 68 37
43 95 40
19 17 58
11 54 50
37 22 71
57 45 62
1 67 46
78 11 62
91 22 76
61 73 36
62 31 45
15 37 75
10 55 38
3 56 51
34 3 82
80 84 59
87 84 59
17 23 49
29 69 3
97 92 44
14 75 26
53 43 85
66 77 19
17 67 10
28 53 80
23 16 90
18 11 14
17 63 85
27 38 79
53 21 19
0 58 85
3 84 27
4 44 53
67 21 11
54 64 19
78 4 97
38 16 25
86 23 13
4 57 47
40 38 37
22 89 2
63 56 23
22 77 10
50 11 25
98 17 78
53 20 19
51 18 71
61 45 48
10 90 72
63 60 71
30 57 87
67 25 48
43 83 30
20 83 16
68 66 90
39 10 15
84 8 17
3 19 54
21 74 65
75 70 91
83 52 6
58 30 60
68 10 17
0 3 68
70 90 94
90 9 30
96 78 6
20 26 22
63 83 98
87 50 42
72 68 39
75 89 78
76 67 30
79 69 74
85 64 78
87 15 58
1 44 62
69 4 56
51 80 58
84 34 87
40 87 96
39 49 52
43 1 95
1 40 98
13 53 76
36 79 21
20 18 36
56 34 21
8 40 0
85 3 70
18 26 78
2 47 1
98 42 84
90 93 22
33 15 80
79 79 13
19 1 63
2 22 36
84 43 51
27 71 2
55 26 31
77 95 90
43 75 90
55 62 43
89 39 45
66 30 93
43 7 77
53 27 52
32 7 21
31 28 98
0 73 57
90 55 21
2 50 53
61 15 85
28 5 2
73 16 56
48 26 69
68 8 59
8 20 83
33 62 11
42 87 50
43 36 54
17 12 34
20 56 48
35 65 35
23 75 98
22 71 55
59 76 33
93 67 15
4 39 86
78 18 89
84 56 13
78 51 15
3 61 63
26 51 60
82 76 85
21 41 0
54 59 94
66 83 66
0 10 45
97 64 45
65 66 91
49 46 37
74 68 12
12 64 81
41 48 75
79 64 53
70 16 56
17 12 1
87 74 43
32 56 31
34 75 65
72 33 91
69 24 88
35 54 50
34 95 68
22 41 48
52 85 79
1 86 75
15 48 59
97 10 69
50 26 47
43 4 14
62 72 26
73 67 37
18 49 87
74 91 85
87 98 61
85 69 31
14 3 79
22 92 97
13 6 3
93 76 47
84 74 21
56 55 67
81 79 61
66 14 17
64 89 85
85 92 8
96 0 41
42 50 62
58 90 62
34 6 24
20 7 76
95 67 62
89 3 83
48 37 72
25 31 90
8 37 14
39 77 95
68 93 57
25 45 85
47 43 18
22 97 49
98 50 33
83 73 35
72 36 95
27 8 26
81 95 83
61 15 15
75 80 57
54 26 32
35 82 78
96 35 19
62 90 53
39 5 61
51 75 29
7 35 30
63 37 29
16 83 98
42 71 18
33 55 20
98 68 12
50 21 86
11 60 66
62 29 56
31 39 7
41 32 13
44 37 98
92 91 28
79 11 73
4 67 16
91 76 72
10 69 22
65 70 21
84 96 65
90 80 6
71 77 90
81 88 11
19 71 48
59 24 88
77 77 55
70 49 38
89 55 64
87 61 35
63 43 70
54 70 39
47 2 38
39 4 72
26 62 98
6 71 59
33 7 63
31 47 49
40 67 81
12 85 29
91 35 25
46 14 35
52 26 72
41 28 97
54 1 0
50 91 93
8 36 31
73 46 14
95 14 69
39 54 57
45 9 30
58 4 90
84 11 74
39 36 64
87 0 55
42 70 37
70 51 73
83 22 61
36 77 7
66 68 23
14 84 45
24 40 16
0 70 70
55 33 24
95 28 63
11 74 48
6 32 35
49 92 52
81 50 68
18 79 38
48 10 17
89 52 98
96 22 84
71 37 93
39 2 97
31 76 95
84 14 78
61 33 16
3 89 71
50 93 43
36 29 28
41 63 71
54 2 31
90 3 10
69 24 40
89 21 70
79 30 7
73 21 79
76 97 54
46 42 54
64 55 1
27 37 41
39 26 72
26 78 85
0 10 35
36 84 12
8 45 36
7 11 28
62 69 90
15 25 27
5 2 97
45 61 37
55 21 50
26 78 42
79 70 1
93 82 46
56 50 81
2 98 19
24 82 82
59 42 61
0 8 57
67 28 14
66 94 56
8 37 52
87 69 85
67 27 57
44 67 49
91 63 18
28 9 32
57 64 4
76 45 57
57 65 63
13 53 11
32 89 86
95 6 79
24 33 30
66 66 10
14 96 17
90 18 47
43 14 68
3 31 59
14 11 6
43 89 46
60 40 92
77 65 70
71 20 51
96 54 95
72 31 37
69 34 51
27 3 47
78 31 13
30 86 54
67 55 9
78 39 63
5 68 97
13 94 88
39 38 46
85 19 53
97 84 88
91 32 84
71 15 61
40 68 85
97 56 66
94 56 89
89 74 84
35 90 52
66 84 82
73 97 13
24 5 3
50 55 60
35 19 16
64 13 77
37 66 72
55 64 57
43 17 42
71 29 84
35 37 80
4 13 29
82 58 62
62 62 11
27 55 58
35 33 78
65 46 58
41 78 80
72 94 68
39 77 23
66 9 2
79 88 60
97 78 85
1 39 69
5 19 74
42 94 80
74 73 56
16 25 31
42 75 69
81 3 22
51 17 94
87 79 37
82 44 69
56 39 62
95 84 48
3 68 10
0 2 95
36 22 46
25 29 37
83 3 57
53 23 9
27 7 65
36 1 22
18 66 97
81 63 4
84 13 90
27 95 94
90 28 79
57 82 93
72 11 51
18 37 2
62 41 63
59 23 21
29 65 56
23 61 57
55 48 79
83 49 81
86 13 87
79 98 63
94 81 79
52 45 20
4 60 4
39 86 18
0 23 42
91 97 52
77 18 44
24 62 50
58 94 93
95 65 19
49 50 24
12 70 90
39 55 97
15 81 62
64 12 65
44 26 48
9 42 48
89 10 30
4 16 86
75 95 68
79 9 38
42 75 38
92 64 18
89 66 36
35 32 6
44 8 57
44 13 62
88 46 9
38 34 18
45 95 31
62 73 61
80 23 22
23 22 72
93 31 93
89 90 8
21 46 23
64 5 10
97 34 64
53 38 21
56 7 96
38 22 72
82 39 14
46 44 9
77 42 58
57 91 80
42 66 92
85 87 24
86 78 83
48 58 52
33 74 36
79 96 78
68 9 80
80 79 33
55 57 9
73 17 94
4 83 47
83 0 80
24 11 65
52 40 83
91 75 38
92 95 77
32 76 68
92 12 78
98 67 9
25 60 39
96 13 26
42 68 96
13 49 10
9 91 70
31 16 34
85 15 79
43 22 33
6 40 48
21 41 27
51 21 52
85 34 18
79 80 25
45 60 67
50 39 71
96 65 43
8 51 42
54 29 65
4 26 81
67 29 62
35 39 55
91 44 43
78 34 40
80 7 5
28 19 10
55 76 93
9 90 29
52 65 2
6 47 14
88 34 86
52 31 24
79 80 23
48 3 56
69 19 86
3 1 89
78 97 58
77 53 45
23 85 8
43 49 91
23 21 32
9 35 65
96 95 26
32 96 90
42 3 8
67 68 59
95 1 11
59 19 55
45 28 36
52 7 69
26 63 52
44 75 8
61 46 27
10 87 82
75 22 82
84 10 87
9 95 54
47 47 87
8 7 3
65 58 0
23 74 3
15 87 92
43 27 77
36 64 98
56 55 97
14 34 53
45 82 10
9 65 24
37 41 59
63 27 97
36 60 58
4 55 7
43 86 54
47 56 31
31 52 72
40 32 0
61 75 35
65 94 84
98 86 68
36 7 80
44 39 81
12 40 52
19 59 63
45 54 1
20 88 61
20 72 24
96 84 78
62 87 41
8 28 3
64 23 6
19 26 0
72 47 72
27 31 66
23 89 72
90 22 34
2 7 8
69 23 77
7 44 3
3 92 49
10 88 86
93 71 44
62 30 79
63 15 74
57 85 46
38 2 7
7 28 92
0 29 14
16 81 65
81 53 83
54 11 8
17 22 19
45 10 77
70 59 91
53 39 42
62 61 29
44 81 80
32 14 80
92 6 82
77 70 33
30 73 73
43 13 77
89 52 72
86 27 86
52 56 0
38 32 10
62 77 64
47 91 20
50 87 45
56 22 73
76 28 22
14 20 58
57 41 61
36 14 24
47 57 41
29 48 8
84 60 90
11 81 92
26 32 22
83 22 90
58 89 20
55 65 22
37 43 20
84 90 95
18 54 63
14 82 79
63 98 2
15 59 79
92 22 60
49 59 73
81 24 90
81 89 5
93 61 30
49 88 44
10 0 11
88 89 26
98 14 54
42 57 70
75 66 7
23 71 14
29 69 44
12 13 64
16 27 56
44 35 64
12 30 18
24 33 70
79 74 67
51 38 29
42 21 95
15 86 13
98 72 23
41 51 12
91 82 73
70 20 35
40 94 13
48 13 96
13 30 57
43 44 85
70 47 19
9 72 76
0 90 25
48 38 55
91 37 5
8 14 42
98 11 18
8 28 86
7 70 45
65 24 63
20 55 82
88 59 7
3 54 83
83 6 82
33 20 95
5 63 0
91 0 23
85 17 90
48 77 85
71 93 71
28 44 71
50 88 86
29 98 70
0 39 21
83 97 44
26 61 9
64 63 40
92 29 45
25 34 73
26 39 51
77 74 14
83 93 90
21 6 87
2 55 57
31 54 66
56 51 54
96 32 86
48 46 51
26 94 83
59 51 35
49 88 39
14 7 71
33 80 36
70 38 71
54 90 44
71 75 74
26 28 55
70 48 7
81 16 31
87 37 18
45 20 28
7 36 15
47 87 14
21 0 71
14 94 47
35 54 32
38 89 57
84 77 61
43 2 55
63 28 51
56 77 96
46 87 7
2 34 7
97 6 4
21 94 42
70 88 82
1 89 24
86 35 67
89 69 11
64 24 25
39 97 3
2 65 79
26 32 92
15 45 47
48 3 11
52 90 59
37 37 4
85 27 55
87 82 36
70 75 25
7 80 36
20 90 12
69 88 78
2 68 12
26 40 1
21 1 97
53 89 34
61 6 64
39 8 41
12 14 91
7 18 71
21 40 81
61 68 81
38 42 20
81 51 13
15 60 24
38 80 20
86 42 31
47 89 25
48 46 9
63 25 45
37 7 82
36 32 52
68 20 42
98 62 18
9 45 31
54 95 1
35 19 6
79 34 96
75 41 61
22 51 8
49 15 68
40 98 57
79 17 89
50 11 41
83 17 13
33 7 96
40 3 86
2 73 43
79 97 17
42 74 95
7 9 30
24 90 24
95 26 49
77 46 69
41 30 80
26 5 68
92 98 91
0 56 82
71 54 87
17 14 44
75 53 78
8 20 50
27 41 62
40 7 96
18 20 16
23 93 31
58 87 68
54 74 98
84 49 9
75 83 69
36 94 56
13 23 58
73 11 34
24 98 23
11 55 60
63 48 22
82 20 8
94 21 12
16 91 40
54 43 16
80 16 63
47 52 72
53 83 97
19 62 63
58 61 78
74 3 31
19 20 9
65 10 58
54 55 19
46 48 89
19 31 95
67 67 36
79 36 38
14 91 89
72 71 6
6 10 53
92 77 63
34 92 57
69 93 46
70 9 31
2 50 24
46 9 37
30 52 0
44 16 96
89 92 92
90 13 91
14 91 84
74 14 14
80 57 38
97 55 21
26 18 62
12 85 78
65 68 22
29 87 20
45 7 94
30 20 5
15 49 68
61 47 39
56 84 55
11 44 30
13 72 80
60 60 28
4 54 56
39 41 80
16 87 91
45 25 53
61 38 72
42 19 39
1 23 5
58 93 15
27 39 62
61 92 90
52 4 24
77 30 58
9 80 86
31 92 23
90 72 13
7 8 41
3 68 32
53 66 33
27 50 71
19 1 22
97 39 41
8 67 38
92 91 77
89 68 37
44 32 73
76 81 70
5 3 37
17 24 56
33 59 81
87 92 7
18 29 24
93 89 8
97 47 70
38 21 7
42 4 87
1 16 41
32 3 31
36 5 19
11 87 26
53 93 55
89 74 89
98 84 69
20 69 17
52 96 15
55 52 30
2 76 51
19 19 60
27 88 32
19 20 28
86 2 41
55 42 17
32 96 36
88 70 54
79 55 49
30 21 92
44 51 25
82 0 4
5 18 38
74 4 59
34 66 51
84 71 60
57 81 75
63 96 14
53 31 91
95 7 39
83 35 21
64 12 79
15 56 74
68 79 3
96 78 48
80 43 80
95 16 18
76 96 89
84 9 5
83 70 15
85 36 35
18 13 52
89 32 16
83 59 4
62 26 30
3 25 3
3 89 61
23 21 25
36 44 37
11 88 45
41 98 57
76 57 94
98 2 86
74 44 32
71 98 63
71 39 46
56 1 25
76 85 26
14 98 79
43 89 74
10 69 45
37 80 40
79 5 90
15 13 16
36 55 46
48 58 45
36 70 7
56 44 60
31 19 12
0 22 39
33 36 43
66 39 98
43 5 68
80 86 56
17 92 13
95 79 8
85 92 45
36 2 18
61 73 71
11 13 86
52 22 91
66 53 90
25 11 34
3 78 84
18 82 67
58 77 64
49 67 37
15 72 66
78 21 14
22 27 38
35 81 71
55 36 57
13 50 53
63 62 72
3 45 52
63 92 2
38 91 45
18 55 59
66 40 96
26 19 5
38 41 52
11 92 98
1 95 71
30 31 86
20 68 17
75 79 37
9 56 85
4 76 93
96 40 71
11 58 71
70 86 90
29 76 58
86 86 73
87 52 23
60 19 45
81 25 10
61 46 8
9 71 18
62 56 48
62 94 7
66 12 4
83 23 81
18 12 40
77 59 14
12 47 66
89 12 63
53 27 56
98 74 30
95 21 82
96 50 75
65 31 50
87 44 67
53 49 97
46 62 74
96 1 44
89 55 97
34 85 76
76 50 70
62 0 41
85 94 69
69 83 4
17 76 36
17 48 77
63 85 20
56 6 46
67 31 57
57 4 28
36 31 71
85 92 88
51 78 73
90 30 36
30 37 49
70 20 74
8 96 60
49 75 42
50 6 0
62 69 43
41 83 18
68 13 29
39 35 2
90 26 25
92 65 78
68 76 58
9 75 10
39 54 57
33 85 36
21 28 32
31 84 82
76 32 78
39 59 31
69 8 43
22 31 23
7 25 53
9 84 42
3 61 45
97 86 0
57 78 69
79 42 70
20 79 89
93 40 98
95 3 74
89 85 45
30 38 51
95 44 84
77 71 68
95 43 61
96 71 12
87 50 63
38 5 67
19 97 70
10 86 24
7 21 77
23 71 30
52 20 84
54 9 82
48 12 78
74 71 44
87 19 98
12 96 53
53 12 41
25 1 52
74 33 28
71 70 48
96 34 73
27 33 85
8 21 95
45 33 23
55 39 16
24 95 31
53 96 76
81 78 30
44 53 81
63 83 81
61 91 70
12 82 20
41 97 67
17 78 57
79 77 64
8 68 19
80 25 85
89 69 79
26 76 23
48 34 20
1 58 46
26 94 38
87 30 81
36 7 88
24 83 13
4 86 20
52 81 67
96 47 9
60 35 83
69 83 63
85 69 85
77 85 28
41 49 55
44 3 44
23 15 17
53 69 49
18 42 27
86 63 37
96 82 77
88 22 2
10 50 72
12 88 47
32 17 63
26 84 72
73 55 57
7 27 43
54 59 22
49 20 64
6 8 10
3 49 18
0 30 41
16 63 89
81 98 81
85 32 26
21 74 32
13 90 62
81 54 89
43 53 73
95 61 7
21 95 8
18 64 68
21 35 18
31 9 88
87 23 7
44 14 46
61 87 65
13 91 2
46 97 64
76 72 11
57 57 8
32 84 6
72 11 88
87 39 76
19 27 37
3 63 4
21 62 69
97 53 49
20 8 62
80 55 82
75 42 64
16 23 94
81 57 66
85 73 29
30 17 43
63 60 77
85 32 87
37 64 30
93 43 68
62 84 72
6 87 70
4 30 47
9 42 71
38 56 74
19 57 97
6 80 62
94 35 44
32 87 92
93 84 32
54 86 18
42 18 23
52 62 58
88 16 61
58 89 7
49 68 69
73 25 25
1 6 47
33 92 11
81 18 6
87 50 3
41 15 95
30 95 37
65 6 60
52 13 82
55 74 71
31 72 50
14 38 61
25 38 42
76 3 76
11 25 57
77 76 61
52 8 33
70 57 5
19 29 97
58 73 23
65 53 39
83 85 35
87 17 2
64 22 48
88 91 82
41 97 0
91 13 18
46 6 47
7 77 14
42 3 36
54 73 67
56 37 8
74 98 92
43 42 66
14 21 49
43 82 12
9 45 38
77 48 84
20 57 6
76 58 32
65 27 90
90 10 41
48 56 30
22 74 33
80 48 13
25 19 22
46 37 52
2 54 37
36 7 35
13 51 52
23 50 38
2 6 13
19 30 39
5 37 43
21 8 33
62 77 88
53 34 50
95 75 93
50 96 35
73 29 26
34 53 23
83 28 66
18 56 92
59 71 13
88 72 42
40 45 82
1 0 93
62 1 12
8 76 70
89 73 31
79 28 91
25 28 73
22 53 26
30 88 14
6 10 2
66 51 44
79 67 3
58 8 81
94 1 43
1 37 61
2 14 55
11 33 77
88 70 57
68 95 33
94 63 4
87 77 79
23 41 84
7 93 96
10 63 77
52 82 82
8 67 39
18 77 84
59 68 56
16 91 21
19 86 17
24 5 70
71 45 67
27 12 72
76 90 29
20 14 81
4 31 84
66 1 10
27 48 57
34 67 78
96 12 56
57 9 95
47 22 10
34 85 94
96 23 43
46 9 7
69 78 77
73 35 80
49 51 95
43 25 11
67 5 82
85 92 39
42 35 89
96 97 42
69 75 87
55 31 53
92 29 95
7 97 38
95 78 70
37 54 37
45 97 54
84 66 68
64 61 89
91 20 84
91 66 87
97 85 9
59 49 38
38 1 57
69 9 82
2 34 85
40 14 22
81 50 6
57 43 86
84 22 32
20 57 4
96 8 54
96 17 17
13 55 4
86 12 10
19 78 98
63 20 76
83 68 42
7 93 74
16 52 2
19 35 95
27 43 24
20 22 73
71 33 58
13 3 29
13 51 71
97 21 92
11 3 40
30 86 64
3 2 55
97 40 52
0 42 62
80 28 7
46 11 41
93 13 62
67 28 26
33 74 58
5 95 54
95 52 82
35 28 58
68 30 32
59 45 14
30 25 12
51 62 40
92 96 34
13 79 56
10 87 60
17 30 36
52 98 70
23 28 81
74 81 21
27 4 65
45 98 49
20 30 34
51 22 22
10 66 14
34 81 39
22 5 6
24 76 36
5 53 61
32 22 98
27 78 79
36 81 75
76 46 67
89 90 28
68 62 34
26 97 80
1 45 16
60 39 87
12 59 47
60 4 69
71 23 15
81 78 50
81 78 75
46 68 10
86 93 33
70 31 96
38 85 94
89 48 3
79 88 23
65 31 64
87 46 34
21 35 19
80 80 52
0 74 68
15 20 80
35 68 86
48 24 23
98 87 40
69 41 61
6 91 32
67 16 70
75 65 97
97 41 55
49 67 96
2 78 56
92 88 86
26 94 75
17 4 19
2 60 27
7 64 17
52 27 90
53 89 17
75 74 24
46 70 46
29 65 12
75 33 73
68 26 36
88 2 82
32 71 58
64 4 27
5 26 91
65 3 61
37 12 52
77 59 13
43 43 82
18 73 97
18 12 89
98 49 79
81 90 38
22 72 8
77 42 39
53 96 71
72 79 41
76 79 68
59 37 33
69 15 39
23 44 55
70 13 85
29 52 81
27 33 40
94 22 59
57 40 74
74 59 13
6 1 1
6 10 19
12 17 3
60 65 28
8 62 67
38 12 8
7 98 76
81 32 55
53 50 33
7 54 3
16 92 1
61 4 35
38 33 98
8 37 90
3 66 87
49 18 27
66 82 43
26 93 59
80 92 60
87 62 34
39 4 41
69 72 10
26 89 28
63 33 48
51 48 61
50 1 61
39 22 90
28 71 29
71 46 72
29 72 80
44 66 11
89 22 89
17 32 93
45 90 87
7 70 9
32 8 27
41 95 54
96 33 62
33 21 78
79 8 95
50 39 97
66 67 8
10 46 4
31 44 61
15 42 88
77 30 77
6 63 10
93 66 70
42 8 30
76 17 76
95 62 74
79 12 39
87 81 21
27 17 90
33 41 25
36 79 6
49 4 23
17 62 87
66 35 65
73 70 98
63 4 55
80 69 16
21 50 59
20 78 95
56 51 82
60 77 94
22 67 91
61 40 24
65 84 80
60 64 8
54 43 71
85 6 1
30 79 66
5 72 95
58 82 25
6 77 17
76 35 77
47 46 6
75 72 76
5 64 89
76 2 17
87 24 90
67 79 91
65 74 16
6 7 9
18 29 20
90 49 56
88 4 33
31 21 88
53 44 51
15 38 93
97 73 59
79 63 35
39 13 4
19 69 78
66 77 0
79 53 73
98 40 17
20 60 69
30 69 78
15 5 91
73 79 67
87 61 49
9 5 24
70 68 24
9 54 16
11 78 68
93 40 48
16 58 23
84 90 11
76 55 58
46 31 98
21 60 51
51 35 11
65 12 46
11 53 58
8 25 25
57 0 57
65 54 67
98 57 87
59 38 47
33 54 30
38 25 28
58 5 49
31 10 67
84 64 19
50 84 56
10 18 19
83 27 29
91 68 47
48 59 76
34 43 73
28 5 94
40 6 17
14 1 68
16 31 70
39 89 92
49 62 6
61 84 23
93 9 75
30 84 16
39 32 82
14 49 71
49 82 84
92 31 87
98 65 5
29 11 4
87 67 65
91 38 86
92 76 62
70 83 38
86 68 87
91 59 51
85 60 88
22 72 19
6 24 5
93 7 68
56 40 62
82 43 24
7 74 27
23 48 11
23 51 4
19 66 52
25 70 41
71 34 98
54 97 60
90 47 86
33 56 69
49 44 86
92 91 68
3 57 50
68 30 57
5 13 11
1 91 62
80 63 40
27 14 83
33 6 54
20 67 16
2 76 47
21 9 79
0 21 1
97 51 46
8 91 73
82 87 80
15 43 61
11 74 51
58 0 11
41 3 43
78 85 19
8 46 10
40 49 46
61 68 13
6 36 23
22 8 93
78 6 62
6 7 91
12 5 92
48 82 23
56 95 50
25 24 62
18 57 28
77 70 23
91 37 40
92 95 83
90 15 10
91 43 51
19 33 39
62 91 63
87 87 24
56 37 1
52 15 83
84 18 36
30 26 17
79 92 53
93 4 32
75 37 23
33 7 45
41 1 68
69 1 62
41 47 81
32 38 65
5 19 56
84 39 16
40 4 48
94 44 35
82 74 60
59 26 72
33 6 93
88 76 93
22 2 15
86 53 92
41 11 50
79 4 18
44 80 24
32 5 8
35 62 72
62 0 96
85 80 35
96 23 44
34 23 20
44 50 49
64 58 71
70 95 63
12 57 28
95 81 39
27 58 35
32 48 60
43 42 20
83 4 89
60 55 35
4 66 57
67 85 93
24 24 6
67 71 62
59 88 12
68 0 86
77 73 84
34 40 80
18 27 77
7 52 11
86 11 28
19 8 48
79 59 14
88 75 94
38 46 49
84 98 78
14 62 97
18 44 18
82 39 90
73 68 61
35 29 11
82 75 16
95 24 7
37 86 40
88 87 69
97 10 95
89 97 57
47 14 93
7 75 84
40 64 29
28 65 59
64 57 4
51 47 47
9 71 66
33 2 95
37 49 98
23 29 40
98 41 74
61 92 20
79 3 90
30 84 29
55 88 84
10 29 47
95 38 49
73 38 68
84 80 11
51 52 41
31 22 11
92 84 3
29 6 23
48 48 81
29 54 39
50 7 90
78 38 31
55 95 65
68 54 29
61 17 96
17 29 52
20 11 25
69 75 43
67 4 2
68 0 41
27 52 19
4 5 82
57 51 12
44 86 53
91 3 46
68 11 27
0 19 38
69 68 85
64 98 39
91 3 93
86 79 93
30 23 79
14 66 76
68 13 84
48 83 0
58 89 19
11 89 43
38 79 20
11 95 14
22 43 61
62 87 84
46 96 83
13 76 25
84 86 29
27 50 68
26 5 61
78 75 89
31 35 65
79 17 49
95 59 30
90 66 68
36 84 72
39 37 65
53 19 82
71 95 1
91 49 16
6 35 39
23 51 18
81 82 21
21 22 50
61 21 94
43 92 69
61 85 46
14 49 28
26 43 62
37 15 97
29 38 46
88 55 86
88 34 69
74 56 56
16 58 7
29 9 85
34 52 9
88 81 91
68 10 21
48 30 20
98 42 67
60 87 56
24 48 3
96 18 49
84 60 17
63 64 66
20 38 68
69 75 80
22 91 15
31 9 93
78 12 8
31 64 0
79 34 79
85 36 11
60 52 40
58 72 24
2 33 40
88 29 59
82 82 37
10 65 28
35 6 88
69 41 4
78 46 82
69 59 2
40 3 86
36 40 41
71 73 3
59 87 40
18 59 52
52 55 17
20 39 82
25 0 60
20 92 38
88 90 93
10 64 31
91 33 55
61 39 19
50 33 75
73 36 39
50 93 49
78 9 25
48 6 66
92 76 29
0 85 61
80 63 60
17 24 4
59 41 12
82 11 34
41 83 37
92 91 36
39 23 77
38 75 27
37 89 55
98 70 52
81 88 95
40 15 10
37 68 17
12 70 87
23 7 70
5 45 30
90 49 22
30 44 30
2 15 6
53 10 81
90 12 88
7 45 36
24 63 25
53 91 85
82 56 78
20 90 33
50 26 26
89 93 75
58 75 25
48 97 61
88 1 22
11 26 90
91 43 45
34 65 12
21 44 40
25 15 48
55 29 81
24 36 57
63 93 1
90 63 38
90 57 39
70 36 64
82 43 7
72 11 8
23 44 65
42 94 97
15 48 67
50 90 20
25 71 19
76 52 83
0 38 70
5 82 95
21 43 2
39 48 74
43 54 70
84 67 36
85 88 2
87 79 75
93 26 86
39 23 80
67 39 5
78 60 30
25 95 10
31 4 38
47 62 10
0 31 59
20 70 28
55 92 38
33 42 94
60 78 57
20 36 74
3 78 2
81 63 49
0 16 37
53 95 59
47 86 40
87 26 39
77 50 85
63 50 20
17 86 81
51 8 98
13 87 8
37 43 95
95 12 20
50 56 29
43 95 21
97 5 27
36 96 39
80 82 16
73 82 86
46 78 8
89 37 64
54 73 78
76 22 57
87 53 15
51 3 48
63 28 15
96 55 39
38 75 23
25 26 89
66 67 73
27 97 75
90 37 71
55 15 11
71 78 39
6 46 76
64 48 70
74 79 0
43 16 4
74 8 35
89 78 94
24 24 67
92 0 66
57 16 57
46 41 35
42 47 68
75 20 39
97 80 9
82 52 87
55 84 86
62 67 80
32 43 37
26 44 23
57 51 46
2 6 32
76 15 51
95 58 23
81 40 7
6 9 97
4 72 27
8 57 51
54 93 96
16 86 91
2 62 77
63 79 79
20 65 35
48 17 26
2 82 54
62 95 69
71 90 62
6 40 26
89 58 93
58 46 91
32 80 55
2 29 6
23 3 85
13 45 18
14 89 52
22 36 42
81 47 17
41 34 94
13 77 62
27 70 52
34 87 10
15 21 11
83 58 22
67 68 45
24 77 70
33 84 20
46 41 30
30 46 90
95 69 68
59 29 95
6 86 2
93 86 66
67 20 53
89 1 68
26 44 89
24 18 74
12 20 51
94 87 1
8 54 6
6 83 0
93 71 23
71 5 66
40 57 17
71 84 78
81 67 77
83 76 50
5 33 90
61 39 71
16 80 74
42 31 45
90 80 80
23 66 94
18 19 87
58 47 58
19 1 71
25 50 97
57 90 41
58 38 76
43 4 93
0 32 45
59 19 32
4 21 65
4 62 17
72 80 75
40 12 26
65 26 4
70 54 48
28 3 65
37 4 96
56 86 65
18 7 29
68 70 6
37 93 9
55 68 79
98 13 16
50 38 94
14 56 94
77 53 14
61 65 71
82 87 98
64 3 80
98 47 59
75 23 7
12 73 16
10 20 34
27 22 41
88 32 85
94 98 38
85 67 84
7 59 31
65 11 63
96 79 60
45 71 8
76 90 47
69 79 18
12 95 75
1 96 5
1 82 9
84 66 73
8 71 4
62 1 45
78 33 42
80 41 34
11 35 29
66 96 78
64 76 51
75 81 75
28 34 8
57 1 77
13 76 93
98 82 1
46 56 67
87 62 17
2 35 18
73 38 10
98 3 57
60 79 36
70 10 81
28 69 78
44 93 4
15 17 62
8 4 89
25 83 55
67 49 76
94 58 46
6 48 54
23 34 20
17 13 54
61 36 25
61 18 19
97 59 80
22 44 35
40 16 52
10 12 24
68 29 90
31 93 42
57 63 37
5 14 55
59 94 67
36 6 97
43 26 50
20 90 89
23 37 67
84 36 75
79 18 50
79 64 69
70 42 49
80 88 11
22 80 45
64 72 30
28 15 35
62 44 5
0 37 35
83 94 44
85 17 65
0 52 79
74 17 91
68 77 22
13 67 98
4 74 59
90 71 91
35 34 95
6 37 27
35 0 35
57 69 73
22 40 53
64 74 54
54 74 72
86 45 50
41 3 55
9 98 0
72 62 50
28 12 93
60 46 11
85 74 77
60 63 51
32 74 21
49 64 71
18 48 26
69 25 70
63 65 66
23 16 25
27 59 75
18 38 73
28 34 63
52 86 43
17 17 66
53 28 72
67 64 87
53 20 27
50 23 46
78 63 66
39 86 9
61 18 74
41 79 82
78 86 96
24 10 79
73 32 92
39 85 89
64 5 22
61 10 25
33 91 78
42 98 93
53 7 52
51 82 18
34 14 65
29 47 63
65 87 68
54 63 73
40 58 28
69 66 94
22 49 52
13 56 4
50 42 32
59 20 0
29 58 68
74 2 57
45 77 52
44 24 69
16 70 13
18 50 33
13 71 69
14 59 72
59 26 2
83 74 10
31 91 84
0 37 44
91 47 93
35 3 21
20 36 50
97 16 18
30 93 65
35 87 1
74 36 63
70 22 57
33 65 47
76 52 8
38 54 57
8 31 50
77 76 37
39 12 6
94 84 69
57 60 40
9 91 10
11 34 9
79 63 13
48 35 14
3 39 44
53 68 47
53 25 69
42 16 11
14 55 67
89 24 46
7 94 61
54 31 89
25 12 45
24 31 34
14 69 37
51 61 91
10 86 76
81 74 4
31 23 36
26 11 71
10 71 95
63 19 26
35 60 58
77 33 69
39 97 47
90 62 41
69 6 32
18 17 89
97 70 8
84 65 42
74 24 78
18 9 59
37 48 30
41 50 70
89 38 21
70 41 8
51 56 90
43 69 30
84 33 11
18 37 71
66 74 31
69 19 18
36 31 57
70 14 97
46 31 30
89 25 77
74 14 64
40 46 26
56 87 47
68 28 72
27 36 69
42 19 46
55 38 82
24 62 93
42 19 41
78 88 14
92 58 42
89 86 66
32 1 72
22 49 69
32 25 37
88 72 67
70 77 58
96 2 37
5 35 95
7 93 36
25 61 14
71 46 3
0 73 97
97 71 33
34 69 41
68 35 97
93 40 9
31 56 85
18 27 79
46 34 23
88 56 95
89 49 0
45 72 53
61 56 95
21 95 52
66 3 0
96 47 66
40 19 64
83 20 30
70 16 69
20 1 40
60 45 22
79 19 39
17 67 48
79 8 58
97 77 42
62 36 27
74 73 64
21 88 4
87 19 14
9 27 1
26 78 48
15 53 31
11 4 43
96 14 24
69 95 92
85 23 77
75 86 52
47 41 17
64 27 0
63 8 57
2 45 72
35 4 3
45 47 34
86 73 22
49 41 8
69 93 6
64 13 9
65 80 61
87 36 20
94 36 5
0 16 30
72 92 51
60 66 1
72 79 16
93 17 26
63 95 61
2 40 51
36 88 30
86 36 57
35 21 93
71 45 27
42 52 76
90 72 36
67 61 8
60 12 90
84 29 37
49 95 97
71 80 36
53 11 88
52 12 44
39 0 56
80 24 18
71 51 65
8 72 90
85 63 67
58 5 41
19 95 40
40 80 58
90 54 98
62 17 94
85 3 84
55 24 17
69 8 76
22 50 66
18 52 24
75 56 40
21 66 83
91 61 0
31 87 43
84 13 90
10 79 45
62 57 44
2 28 76
47 10 0
70 60 90
90 19 83
23 92 46
16 86 59
64 76 1
7 73 26
71 36 44
7 72 55
94 59 42
40 95 55
93 89 49
5 62 8
31 2 40
5 45 75
67 49 27
31 60 35
4 96 43
28 80 79
63 39 33
91 14 53
25 70 21
48 12 15
3 95 30
71 94 69
57 30 28
7 24 8
86 73 91
30 50 26
38 6 11
4 15 41
79 40 25
92 76 4
4 5 46
48 57 96
39 22 54
10 65 82
53 69 15
26 32 87
56 17 21
98 98 92
70 2 8
47 90 16
41 62 81
86 8 28
51 59 51
51 0 97
23 59 10
66 24 47
14 18 11
87 89 0
39 12 29
69 75 46
3 9 52
47 54 14
6 49 59
97 81 50
7 10 41
85 37 60
42 87 43
96 60 45
11 32 35
10 67 9
45 20 51
54 49 81
78 93 8
1 59 82
70 38 2
21 20 49
44 66 98
91 93 24
21 71 51
7 32 37
50 36 17
15 1 95
71 16 15
24 96 23
61 97 50
90 43 88
44 34 71
91 71 77
18 4 44
52 91 7
27 88 90
51 40 75
95 92 34
36 43 44
8 44 16
45 62 76
31 9 87
54 11 39
6 22 94
86 94 49
72 23 16
73 0 5
11 13 22
62 37 14
54 59 22
11 69 2
80 86 67
93 13 9
0 62 38
37 68 54
53 44 16
26 49 82
48 65 4
28 79 1
70 31 25
45 45 32
8 68 59
27 53 44
36 55 47
67 85 24
49 30 12
85 23 47
65 36 25
45 29 14
69 69 1
72 19 65
78 3 32
91 53 8
24 5 76
9 20 34
59 85 41
47 9 12
40 51 57
32 74 53
90 89 14
58 67 34
71 42 85
61 98 96
27 83 35
20 51 68
54 94 33
51 2 92
43 31 88
57 27 61
93 4 15
66 58 87
84 82 33
85 24 35
39 30 66
55 77 48
1 95 54
72 67 80
92 62 87
4 40 29
22 94 48
28 77 15
79 60 66
13 28 4
50 64 19
77 22 80
80 58 84
45 31 95
45 79 48
85 86 38
12 78 84
72 80 31
71 44 96
3 57 86
63 71 15
36 66 27
79 50 96
57 90 75
0 75 72
45 32 7
53 7 32
62 55 86
60 24 93
66 87 87
54 66 64
89 29 2
71 52 69
87 75 17
65 87 61
22 84 69
77 68 36
32 32 70
19 66 67
20 90 80
95 56 72
1 69 15
59 57 40
67 22 80
7 75 94
9 42 44
64 82 94
95 65 76
60 71 7
73 66 9
49 15 50
98 90 30
43 1 41
12 52 16
87 24 68
12 36 90
25 44 0
71 57 55
8 7 75
69 52 53
19 28 86
30 58 74
49 20 65
98 82 38
72 46 7
55 85 79
8 27 94
73 47 71
39 85 93
21 58 92
73 78 86
71 47 9
19 5 2
0 50 65
63 46 89
18 88 52
77 73 84
33 4 42
61 76 23
0 9 96
64 67 46
36 42 53
89 30 64
37 33 50
49 28 41
23 53 8
74 77 67
82 34 19
67 97 41
38 26 49
48 81 3
37 8 37
35 25 17
89 2 54
67 96 27
59 59 25
26 48 55
56 96 5
4 0 93
3 42 23
67 1 54
76 63 61
8 12 94
85 62 5
26 5 91
68 38 98
47 39 30
45 51 54
62 54 62
88 86 30
43 68 25
56 55 52
42 0 94
31 5 47
40 47 30
96 43 44
24 26 19
52 12 29
37 50 48
65 89 87
9 67 65
56 65 36
12 94 21
13 28 26
30 12 87
79 50 38
93 53 33
87 94 69
3 98 78
89 84 1
49 73 50
53 22 11
74 51 8
18 13 74
7 20 82
51 66 39
32 71 66
33 70 84
87 41 56
2 26 45
21 65 17
11 95 98
44 23 40
29 58 23
2 10 70
22 85 15
50 76 67
70 87 42
23 31 81
67 89 33
57 23 92
28 44 3
36 24 9
58 37 41
11 93 7
34 43 23
4 35 29
24 18 87
69 84 29
72 39 71
94 56 69
1 81 89
22 66 65
80 60 55
59 8 48
41 12 47
15 53 91
97 60 10
56 41 75
84 26 48
15 5 15
47 38 82
45 35 95
2 22 95
47 47 85
27 83 23
19 10 60
4 63 51
67 3 96
12 21 47
21 15 31
87 70 19
76 13 49
29 5 82
76 22 35
8 80 36
88 37 74
79 85 76
12 89 2
58 68 78
35 31 2
85 47 53
77 54 34
51 92 73
61 50 25
21 5 94
11 41 38
27 63 55
22 86 77
71 51 26
8 66 30
72 27 56
40 12 12
32 89 91
22 13 7
45 93 29
79 9 35
5 28 16
17 12 18
26 80 28
40 27 12
15 36 97
6 70 76
77 36 35
27 84 19
10 9 59
49 77 17
36 63 72
87 98 21
56 87 7
91 37 6
81 43 29
73 53 44
65 91 46
8 66 12
1 80 87
50 10 25
63 51 85
0 76 47
35 38 35
95 95 25
87 40 54
21 37 49
33 7 35
17 41 60
98 68 33
81 89 80
52 54 56
45 96 4
48 15 6
42 65 23
10 19 57
66 97 73
75 29 80
49 29 1
52 65 3
10 89 9
8 66 62
24 63 35
5 20 90
73 88 85
94 73 92
68 83 7
60 49 88
29 63 18
21 71 60
30 33 19
67 58 88
1 18 48
68 30 21
53 23 3
87 73 65
44 58 54
83 70 41
50 93 91
14 51 68
92 95 65
86 70 51
91 94 12
24 39 15
41 78 85
58 57 26
92 65 4
8 50 18
12 24 72
1 94 66
4 23 80
76 55 98
92 31 90
97 49 83
1 24 15
36 54 52
54 80 17
58 46 75
83 76 68
93 58 39
23 63 34
76 65 84
85 71 47
66 88 9
78 71 20
16 27 9
74 21 37
91 59 52
1 58 7
4 35 26
85 18 80
71 34 86
84 34 22
39 88 83
1 20 98
12 76 33
78 68 6
12 50 73
21 56 4
11 36 90
19 1 70
98 81 92
2 53 14
19 98 83
37 20 53
64 7 91
47 60 90
25 96 23
73 4 54
23 80 72
25 90 84
73 19 94
57 31 73
12 59 14
11 75 35
47 25 19
0 42 36
76 32 8
51 22 51
26 25 0
56 58 8
61 80 74
54 31 73
92 85 21
19 12 73
21 66 98
64 62 1
27 39 90
69 56 19
60 12 23
93 23 47
43 88 78
75 73 2
37 79 12
66 20 67
9 61 37
98 41 20
96 92 96
50 93 54
88 98 66
61 91 40
95 76 57
37 13 0
65 37 21
29 30 5
78 20 23
77 50 69
1 16 68
11 24 65
64 15 36
21 20 32
13 67 29
91 50 93
47 80 20
48 59 94
72 48 40
18 54 41
83 66 67
52 41 22
35 3 38
6 22 75
64 79 91
92 23 80
89 27 95
7 88 26
76 42 69
38 44 21
23 80 79
21 13 59
28 84 17
87 29 45
77 22 42
20 89 95
42 15 84
6 48 27
75 47 5
57 67 34
78 77 88
57 63 94
0 78 43
95 52 68
57 93 56
16 82 17
90 86 13
60 56 73
1 19 79
16 2 63
59 10 2
60 39 31
90 7 95
32 94 60
53 53 10
23 90 76
8 34 77
29 89 53
72 0 47
77 22 20
98 72 57
12 95 28
25 2 76
53 49 41
76 83 12
45 19 72
69 18 83
78 60 35
24 70 74
24 82 24
96 55 85
57 32 36
88 48 10
38 7 13
64 44 67
39 10 72
24 11 92
76 91 3
9 57 13
59 29 46
73 9 73
78 2 90
57 82 22
44 32 7
3 95 21
61 95 95
93 41 77
34 75 26
59 22 26
76 59 83
21 5 87
55 20 28
69 35 30
52 28 3
18 38 43
90 47 56
43 39 85
36 26 75
52 57 75
13 13 56
15 2 82
70 11 90
53 25 19
50 66 98
69 85 47
93 30 32
26 17 49
15 63 8
68 1 84
2 64 72
38 28 28
92 46 43
47 35 25
27 7 68
89 76 46
8 85 94
9 74 40
91 90 32
83 88 35
97 77 26
47 91 27
8 97 16
72 0 25
34 69 73
7 43 45
8 36 3
2 15 14
80 21 85
17 63 12
71 21 20
29 79 35
22 21 27
15 2 21
90 74 57
71 84 92
50 10 90
31 0 33
26 31 2
46 21 13
36 75 89
52 81 34
52 71 1
39 46 57
57 96 3
97 12 23
67 48 79
29 95 8
9 43 16
44 79 67
32 23 54
83 33 35
74 3 68
28 76 68
89 58 61
71 8 22
92 69 16
44 7 22
22 91 41
47 57 84
42 18 87
89 1 19
85 20 51
27 47 1
27 7 17
77 77 33
52 54 45
46 23 72
20 25 11
89 96 69
43 16 41
27 7 5
22 0 76
29 21 48
3 27 70
90 69 24
48 87 9
11 77 98
94 29 40
0 31 31
42 52 75
19 33 89
95 38 87
53 19 39
88 1 28
39 17 61
63 37 63
2 95 89
21 1 87
20 66 18
73 19 6
79 77 49
83 53 10
52 28 39
42 1 63
98 5 44
54 81 71
55 54 20
36 74 34
27 70 92
40 71 48
42 61 62
33 8 86
66 97 71
49 4 27
42 35 40
27 54 7
61 26 24
33 24 52
72 91 92
42 51 62
78 19 29
49 68 71
38 37 55
62 67 68
83 60 62
32 16 21
21 60 20
57 18 92
37 95 62
20 71 52
58 25 0
86 92 11
51 91 87
25 77 28
86 68 58
10 91 32
42 4 87
81 69 52
9 33 42
79 69 12
13 18 43
43 50 79
18 65 62
3 53 17
45 18 65
74 12 32
10 31 9
5 59 90
12 39 92
82 35 21
20 11 9
74 93 74
16 76 6
47 48 14
30 7 34
78 17 71
40 76 71
69 53 18
75 3 74
84 4 71
64 78 91
51 16 62
54 85 26
68 44 68
8 35 55
9 28 88
92 6 54
54 41 60
48 22 43
69 73 17
61 59 85
87 81 94
7 60 86
85 11 32
64 76 44
80 79 24
53 91 80
41 39 46
92 73 79
52 94 71
41 87 44
68 30 88
78 51 70
97 2 31
37 19 29
78 18 32
69 5 75
76 66 76
61 26 25
18 73 73
43 28 34
36 1 49
79 37 60
53 14 52
7 23 97
45 69 87
73 94 25
95 17 84
52 57 80
79 45 6
97 0 53
72 73 35
43 92 33
59 47 91
34 4 14
7 25 75
16 1 82
52 12 8
88 81 86
70 69 54
75 30 69
84 48 72
19 76 59
60 67 44
1 47 74
36 35 44
67 40 12
7 74 0
47 85 95
65 8 35
11 55 41
17 82 11
37 68 18
20 70 13
62 87 59
89 5 69
96 20 92
97 66 88
58 5 0
31 43 5
53 29 91
61 38 48
34 66 68
64 11 4
35 87 74
54 79 64
63 51 94
62 31 16
28 34 14
32 31 93
88 50 98
85 87 68
8 69 8
80 70 91
69 79 63
59 21 48
47 23 7
3 8 97
86 31 31
5 6 35
61 11 63
36 43 81
7 4 74
18 91 78
67 79 94
25 87 18
1 84 91
29 57 41
79 46 48
79 72 37
58 17 52
47 18 88
95 38 80
48 27 28
89 16 72
74 71 49
3 14 67
94 44 75
18 0 28
64 51 25
97 83 25
79 36 57
96 21 40
62 56 25
88 49 78
72 54 39
73 89 4
96 52 74
57 17 64
45 31 90
46 29 27
36 10 25
98 31 90
6 63 44
48 79 27
50 54 10
90 19 35
44 98 19
24 72 26
12 98 93
36 57 41
68 97 98
75 50 56
56 54 42
45 33 6
41 59 83
94 31 36
2 63 78
80 3 55
0 43 45
48 48 90
20 36 36
19 24 60
0 17 39
97 90 16
23 66 94
96 49 32
47 80 14
46 13 97
10 5 9
73 21 34
1 54 60
32 1 9
50 82 68
12 41 17
83 10 60
8 64 30
31 48 45
65 42 35
8 7 63
17 3 85
52 27 27
7 84 19
16 56 71
0 12 6
19 9 52
51 59 46
70 1 98
73 72 78
10 9 12
20 87 27
86 53 82
64 15 20
75 55 93
12 48 97
51 2 95
76 21 33
68 92 28
83 43 29
65 37 38
74 93 17
60 19 14
32 71 93
21 32 2
56 35 44
72 49 25
15 73 46
3 56 26
43 73 94
11 56 77
94 41 6
44 51 36
93 46 5
0 18 16
51 69 7
62 97 85
69 85 32
40 38 98
70 41 0
71 18 81
69 16 44
68 3 71
81 14 61
94 65 15
38 60 5
61 27 53
43 78 9
81 12 77
21 53 22
64 5 51
21 35 89
71 36 76
27 58 45
28 63 94
57 5 35
98 13 27
93 26 82
33 60 50
34 82 69
23 8 6
16 5 68
85 92 31
54 92 4
22 83 56
57 9 50
69 10 83
11 70 93
12 31 41
39 86 45
34 88 51
71 1 67
54 53 51
71 33 70
58 3 87
10 7 19
3 27 25
29 37 2
81 66 73
86 30 4
95 70 82
20 80 34
63 92 67
62 89 56
52 55 96
28 40 31
36 43 52
30 52 87
27 28 40
80 57 83
95 98 61
81 65 14
26 42 89
90 21 53
98 7 84
59 33 92
33 81 74
61 8 14
16 2 67
40 28 27
10 54 12
63 25 21
15 88 65
85 28 38
13 29 55
95 73 62
40 35 79
58 56 19
31 21 26
10 37 83
49 63 36
13 87 69
20 40 69
29 44 47
7 23 68
41 95 13
88 0 65
40 30 95
7 3 14
5 77 24
5 35 36
91 76 82
48 44 71
85 64 48
43 17 22
82 38 90
33 67 61
5 29 96
22 0 9
71 7 87
2 60 5
69 19 79
12 26 17
0 24 55
66 20 35
81 59 4
29 20 30
74 94 53
23 94 40
51 11 29
13 56 51
77 36 37
35 62 59
11 25 87
63 54 48
36 19 75
83 45 3
45 75 58
38 35 76
15 14 87
56 15 98
40 39 19
60 44 28
36 2 43
61 92 34
9 90 47
24 88 63
92 74 73
34 38 33
71 20 38
1 0 72
21 73 69
64 62 42
33 0 29
2 76 53
91 94 18
83 86 30
57 70 52
13 0 21
30 68 64
98 52 84
52 8 47
28 38 89
87 5 83
71 62 54
80 56 23
62 48 76
46 24 34
61 11 69
80 65 18
46 79 95
95 48 1
74 34 41
96 68 84
43 41 94
30 13 55
26 50 59
77 97 25
17 46 53
23 17 14
1 38 40
93 50 58
40 5 30
73 84 86
67 9 7
26 6 2
91 49 5
94 77 14
18 84 2
68 45 89
20 55 5
70 25 23
90 71 8
59 60 36
65 59 89
26 77 35
72 3 52
3 95 77
63 83 97
92 73 62
47 70 72
72 10 8
2 65 51
1 55 79
22 44 30
86 51 59
19 52 18
75 40 63
41 13 94
25 48 11
61 84 54
16 8 82
85 0 57
10 66 91
88 16 75
74 46 56
1 44 73
43 47 44
18 13 1
35 18 27
89 13 31
91 87 35
81 17 41
35 43 11
34 97 16
31 43 71
50 88 81
80 1 70
40 67 79
52 37 64
31 82 83
87 54 30
97 96 58
90 43 68
11 91 11
34 85 28
36 62 87
51 93 18
5 36 13
92 68 70
14 30 82
8 63 88
79 75 15
28 47 59
58 41 56
22 35 70
10 74 31
64 50 11
94 18 67
57 11 89
81 66 93
92 11 62
83 7 69
63 74 48
68 45 96
87 28 43
56 40 65
35 51 67
47 14 68
5 1 6
57 48 15
6 12 49
69 3 96
94 87 3
84 20 16
62 40 43
56 22 98
94 67 71
46 89 83
6 69 55
67 42 81
7 47 16
66 64 54
74 32 30
29 77 72
25 32 92
29 8 10
77 83 77
32 73 72
46 35 33
31 18 21
11 64 47
83 45 80
80 82 7
68 45 75
25 92 62
67 40 33
31 14 77
1 23 16
31 14 8
0 48 90
53 26 73
47 78 20
18 77 44
33 44 48
98 1 98
17 39 15
69 40 27
68 67 55
89 64 16
15 72 64
60 91 33
72 11 17
86 50 74
24 78 72
84 96 57
79 31 49
19 88 5
32 97 23
1 91 97
53 6 62
33 80 0
84 23 49
89 47 16
60 51 30
24 65 49
39 23 76
49 49 58
39 33 87
84 97 70
35 44 12
37 68 28
60 33 83
55 94 58
62 14 35
78 93 79
61 5 63
68 59 81
92 62 83
28 72 98
49 34 64
70 80 67
65 68 96
70 96 56
71 96 91
39 44 69
94 60 34
96 11 61
73 38 53
19 6 35
52 11 92
75 50 2
8 50 45
87 95 15
27 71 53
60 33 40
73 7 21
34 67 30
10 76 77
82 11 33
23 54 78
56 26 16
70 51 47
87 22 69
46 94 51
36 11 33
36 31 9
58 35 71
79 82 76
73 16 14
41 71 72
57 51 32
45 44 82
43 64 81
28 69 22
36 7 23
61 60 73
83 9 0
69 53 53
78 89 53
15 61 20
91 70 12
65 5 35
88 95 48
88 70 83
33 49 91
19 43 87
45 40 22
74 38 72
15 91 42
52 83 65
80 28 71
14 12 61
27 7 40
4 90 28
72 0 22
47 12 41
38 57 94
59 51 17
29 96 53
67 8 49
13 31 57
32 38 82
73 42 43
9 64 35
79 76 92
43 65 22
31 89 55
79 42 70
80 82 13
39 47 0
35 31 31
7 68 78
78 1 59
36 56 33
30 4 73
28 94 26
8 62 51
62 30 31
59 41 9
78 92 76
82 84 36
62 51 33
7 26 79
38 5 3
97 92 27
26 69 12
4 43 8
70 4 91
93 24 8
88 27 74
85 52 25
33 57 41
50 94 59
48 2 20
50 85 50
7 16 82
46 20 15
1 6 13
16 11 16
51 60 31
53 8 61
71 44 13
7 40 85
21 71 53
65 48 74
9 47 48
56 80 23
94 59 58
62 33 19
31 11 48
23 55 90
1 56 14
90 74 32
24 87 17
53 21 96
27 28 1
73 34 96
94 0 52
32 43 32
53 87 61
72 59 23
41 27 27
85 44 51
69 53 27
30 51 2
37 74 80
81 40 10
73 51 70
30 81 36
84 95 81
56 93 60
2 78 14
79 45 15
13 9 29
23 0 5
10 24 2
67 73 34
37 87 57
70 48 49
40 32 20
39 41 8
73 66 21
26 81 97
83 42 79
68 30 6
79 35 55
60 4 28
29 15 91
59 2 56
0 87 4
5 27 49
58 80 30
65 92 36
7 49 4
4 56 42
45 86 63
57 62 75
25 1 26
40 18 35
20 88 76
59 14 21
93 84 58
36 42 20
64 33 16
84 71 8
97 46 38
53 8 82
18 36 61
78 44 86
78 83 62
68 47 6
87 89 15
75 40 25
48 10 68
42 25 41
32 4 67
30 53 59
1 32 58
60 8 13
46 88 18
65 14 28
80 86 49
97 34 80
16 88 84
48 71 29
58 50 75
41 22 59
62 28 77
41 60 68
67 14 60
89 60 61
9 82 77
66 95 71
3 1 48
38 71 73
96 11 49
60 37 68
57 94 10
78 34 20
65 32 27
42 91 74
0 97 82
33 12 76
43 98 81
23 4 61
12 30 6
72 98 8
15 79 59
70 91 23
41 40 52
96 24 65
16 15 78
61 56 8
14 31 39
7 22 91
31 17 80
10 46 20
85 60 43
72 82 50
98 38 6
