 6  1  1   8
 5  1  6  12
 2  7  8  17
 8  7  3  18
 0 12  6  18
 6 10  2  18
 1  6 13  20
 2  6 13  21
10  0 11  21
 6  7  9  22
 0 21  1  22
 0  4 18  22
13  6  3  22
 2 15  6  23
 7  5 12  24
 7  3 14  24
10  5  9  24
 6  8 10  24
19  5  2  26
23  0  5  28
 5 13 11  29
 1 23  5  29
17 12  1  30
 3 25  3  31
 2 15 14  31
10  9 12  31
14 11  6  31
22  0  9  31
24  5  3  32
18 13  1  32
12 17  3  32
22  5  6  33
13  0 21  34
26  6  2  34
 0 18 16  34
15  5 15  35
 6 10 19  35
28  5  2  35
 6 24  5  35
10  7 19  36
10 24  2  36
 2 29  6  37
 9 27  1  37
23  8  6  37
15  2 21  38
 9  5 24  38
22  2 15  39
 7 24  8  39
27  7  5  39
 8 28  3  39
 1 24 15  40
20 11  9  40
16 17  7  40
 2  6 32  40
17  4 19  40
 1 23 16  40
22 13  7  42
32  1  9  42
35  4  3  42
19  1 22  42
14 18 11  43
 0 29 14  43
18 11 14  43
 2 34  7  43
16 11 16  43
15 13 16  44
29 11  4  44
32  5  8  45
13 28  4  45
 5  3 37  45
13  3 29  45
19 26  0  45
 0 10 35  45
17 24  4  45
 5  6 35  46
18  0 28  46
11 13 22  46
10 12 24  46
 7  9 30  46
 7 11 28  46
 4 13 29  46
38  5  3  46
 0 16 30  46
15 21 11  47
29  8 10  47
38  2  7  47
 8 36  3  47
10 18 19  47
17 12 18  47
 8 40  0  48
19 20  9  48
12 30  6  48
 5 28 16  49
26 19  5  50
37 13  0  50
10 31  9  50
 2 47  1  50
27  7 17  51
26 25  0  51
11 21 19  51
13  9 29  51
16 27  9  52
34  4 14  52
25  1 26  52
 3  1 48  52
 0 16 37  53
42  3  8  53
31 14  8  53
11 34  9  54
24 24  6  54
 7 44  3  54
 1  6 47  54
23 17 14  54
 5 36 13  54
18 20 16  54
11  3 40  54
18  7 29  54
21 32  2  55
 3 27 25  55
12 26 17  55
 2 35 18  55
38  6 11  55
23 15 17  55
 0 10 45  55
 4  5 46  55
 4 43  8  55
30 20  5  55
54  1  0  55
20 11 25  56
36  2 18  56
42  3 11  56
50  6  0  56
20 25 11  56
39 13  4  56
 0 17 39  56
27 28  1  56
 7  8 41  56
18 37  2  57
39 12  6  57
47 10  0  57
 0 19 38  57
28  5 24  57
28 19 10  57
 7 10 41  58
 8 25 25  58
 7 36 15  58
 1 16 41  58
11  4 43  58
38 12  8  58
29  6 23  58
38  7 13  58
17 22 19  58
18 18 23  59
26 31  2  59
35  3 21  59
36  1 22  59
 8 37 14  59
19  6 35  60
 4 15 41  60
12 30 18  60
36  5 19  60
 3  2 55  60
 2 22 36  60
10 46  4  60
 7 49  4  60
 0 39 21  60
35 19  6  60
32  7 21  60
 5 18 38  61
20  1 40  61
43  4 14  61
27  8 26  61
 0 22 39  61
21 41  0  62
 1 45 16  62
31 19 12  62
21  8 33  62
46  9  7  62
 0 31 31  62
48  3 11  62
33  0 29  62
43 16  4  63
17 12 34  63
58  5  0  63
 9 20 34  63
34 20  9  63
40  6 17  63
31  0 33  64
40 12 12  64
 3  9 52  64
34  6 24  64
 7 54  3  64
10 20 34  64
 8 14 42  64
29 30  5  64
39 10 15  64
23 16 25  64
 8 46 10  64
31 22 11  64
40 15 10  65
 0 23 42  65
12 30 23  65
 4 35 26  65
 6 15 44  65
 0  8 57  65
 6 36 23  65
18  4 44  66
32  3 31  66
21 43  2  66
 4 55  7  66
36  7 23  66
 1 58  7  66
38 21  7  66
25 19 22  66
 6 47 14  67
13 28 26  67
21 15 31  67
 1 18 48  67
30 25 12  67
19 20 28  67
32  8 27  67
18 29 20  67
 2 60  5  67
26 40  1  67
30 18 19  67
 6 12 49  67
15 25 27  67
 4 60  4  68
47  9 12  68
 8 54  6  68
 9 43 16  68
 3 42 23  68
20 26 22  68
 5 63  0  68
29 37  2  68
 4 35 29  68
 8 44 16  68
35 31  2  68
 2 53 14  69
48 15  6  69
24 26 19  69
25 44  0  69
66  3  0  69
36 24  9  69
42 16 11  69
32 16 21  69
23 21 25  69
58  0 11  69
 6 10 53  69
28  9 32  69
16 52  2  70
18 12 40  70
35  0 35  70
25 11 34  70
35 19 16  70
 3 49 18  70
12 41 17  70
 7 47 16  70
28 34  8  70
31 18 21  70
 3 63  4  70
22 21 27  70
48  2 20  70
 6 37 27  70
 7 52 11  70
59 10  2  71
36 10 25  71
17 39 15  71
 0 30 41  71
18 29 24  71
 1 56 14  71
 0  3 68  71
30  7 34  71
 2 14 55  71
13 55  4  72
52 12  8  72
 6 40 26  72
62  7  3  72
 0 37 35  72
16 25 31  72
 7 35 30  72
40 32  0  72
13 49 10  72
 4 40 29  73
54 11  8  73
35 32  6  73
 6 32 35  73
21 20 32  73
67  4  2  73
 1  0 72  73
31  4 38  73
44  7 22  73
13 56  4  73
31  2 40  73
 2 26 45  73
30 26 17  73
 3 53 17  73
21 35 18  74
27  7 40  74
48  3 23  74
 5 14 55  74
36 14 24  74
20 18 36  74
13 18 43  74
21 35 19  75
48 10 17  75
40  5 30  75
 2 33 40  75
62  1 12  75
47  9 19  75
17 14 44  75
11 35 29  75
 5 62  8  75
27 47  1  75
24 48  3  75
48 12 15  75
28 44  3  75
33  7 35  75
19  8 48  75
35 29 11  75
 8 36 31  75
10 54 12  76
 0  1 75  76
 5 35 36  76
40 14 22  76
 7 32 37  76
 2 50 24  76
49  4 23  76
 3 19 54  76
35  3 38  76
13 45 18  76
39 35  2  76
 8 50 18  76
28 34 14  76
23 21 32  76
36 31  9  76
22 31 23  76
10 46 20  76
 7 27 43  77
66  1 10  77
34 23 20  77
31 39  7  77
 0 32 45  77
23 34 20  77
13 53 11  77
27  3 47  77
35 25 17  77
66  9  2  77
47 23  7  77
 8 20 50  78
28 15 35  78
23 51  4  78
11 32 35  78
73  0  5  78
25  1 52  78
37 37  4  78
36  7 35  78
10  9 59  78
24 39 15  78
 0 42 36  78
 5 18 55  78
40 12 26  78
 8  7 63  78
31 21 26  78
40 27 12  79
43 25 11  79
49 29  1  79
53 23  3  79
 6 63 10  79
 9 54 16  79
 9 57 13  79
64  5 10  79
38 16 25  79
31 43  5  79
64 11  4  79
33  4 42  79
47 22 10  79
59 20  0  79
 0 24 55  79
29 20 30  79
 1 38 40  79
39 12 29  80
 6 35 39  80
 5 45 30  80
46 21 13  80
24 40 16  80
49  4 27  80
12 52 16  80
38 32 10  80
52  4 24  80
 5 19 56  80
12 21 47  80
19  9 52  80
26 32 22  80
42  8 30  80
18 44 18  80
70  2  8  80
20 55  5  80
35 18 27  80
36 11 33  80
31 16 34  81
 7 74  0  81
16 58  7  81
20 57  4  81
 0 37 44  81
21 56  4  81
55 15 11  81
 6 48 27  81
16  2 63  81
22 51  8  81
36  2 43  81
21 28 32  81
 3 68 10  81
 4 30 47  81
42  3 36  81
46 20 15  81
 5 27 49  81
60  8 13  81
66 12  4  82
23 48 11  82
25 12 45  82
13 13 56  82
30 52  0  82
 2 68 12  82
11 69  2  82
37  8 37  82
43 17 22  82
 2 10 70  82
56  1 25  82
30 33 19  82
58 25  0  83
18 13 52  83
19  1 63  83
19 27 37  83
17 30 36  83
 3 78  2  83
21 21 41  83
61  8 14  83
44 32  7  83
52 28  3  83
31  5 47  83
14  1 68  83
67  9  7  83
12 20 51  83
20 57  6  83
 4 62 17  83
30 51  2  83
42 18 23  83
 8 71  4  83
45 33  6  84
14 21 49  84
20 30 34  84
17 13 54  84
39  4 41  84
25 48 11  84
23 53  8  84
12 31 41  84
45 32  7  84
 9 33 42  84
 3 14 67  84
45  9 30  84
14 31 39  84
 9 45 31  85
33  7 45  85
25  0 60  85
11 44 30  85
 1 69 15  85
43  1 41  85
 7 25 53  85
53 23  9  85
50 10 25  85
12 59 14  85
 1 16 68  85
37 19 29  85
 8 69  8  85
 7  4 74  85
 5 37 43  85
 3 56 26  85
16  2 67  85
29 48  8  85
 8 66 12  86
82  0  4  86
10 19 57  86
 3 39 44  86
18  9 59  86
15 63  8  86
64 13  9  86
36  1 49  86
10 67  9  86
10 29 47  86
 7 70  9  86
41 32 13  86
53 22 11  86
50 11 25  86
39 47  0  86
24 33 30  87
 4 67 16  87
47  2 38  87
54  2 31  87
59 26  2  87
41  3 43  87
18 42 27  87
14 12 61  87
22 27 38  87
19 30 39  88
45 29 14  88
27 54  7  88
 7 45 36  88
25 15 48  88
39  8 41  88
 7 64 17  88
 0 43 45  88
39 41  8  88
23  4 61  88
12 13 64  89
 6 83  0  89
 8 31 50  89
24 31 34  89
 8 45 36  89
57  4 28  89
19 10 60  89
 2 60 27  89
21 41 27  89
17 23 49  89
16  5 68  89
19 52 18  89
35 43 11  89
 4 21 65  90
11 41 38  90
10 66 14  90
19  1 70  90
20  8 62  90
30 17 43  90
38 34 18  90
21 46 23  90
31 23 36  90
27 22 41  90
21 20 49  90
 0 31 59  90
72 10  8  90
26 21 43  90
 8  7 75  90
31 11 48  90
72 11  8  91
48 17 26  91
64  5 22  91
64 27  0  91
19  1 71  91
25 29 37  91
61 15 15  91
 4  5 82  91
44  3 44  91
51 11 29  91
49 30 12  91
19 33 39  91
38 25 28  91
35 44 12  91
14 49 28  91
47 25 19  91
 0 87  4  91
 1 32 58  91
23 59 10  92
53  7 32  92
14 20 58  92
 1 82  9  92
14  7 71  92
85  6  1  92
40  4 48  92
18 48 26  92
21  0 71  92
26 17 49  92
17 63 12  92
46  9 37  92
23 29 40  92
 9 45 38  92
20 36 36  92
80  7  5  92
26  5 61  92
53 20 19  92
23 51 18  92
83  9  0  92
40 32 20  92
60  4 28  92
52  8 33  93
 3  1 89  93
33  6 54  93
 3 31 59  93
 2 54 37  93
21 13 59  93
53 21 19  93
60 19 14  93
 3  1 89  93
36 29 28  93
26 44 23  93
52 12 29  93
21 22 50  93
 2 40 51  93
 0 53 40  93
64 23  6  93
45 20 28  93
11 25 57  93
40 18 35  93
32 25 37  94
 9 75 10  94
 1  0 93  94
22 31 41  94
 6 40 48  94
15 17 62  94
17 67 10  94
19 17 58  94
49 18 27  94
56 37  1  94
72  0 22  94
38 28 28  94
27 43 24  94
 2 78 14  94
13 23 58  94
 6 86  2  94
18 52 24  94
56 17 21  94
59 14 21  94
 1 31 62  94
68 10 17  95
65 26  4  95
48 24 23  95
64  4 27  95
 9 42 44  95
76  2 17  95
27 28 40  95
60 12 23  95
40 28 27  95
31 64  0  95
51 22 22  95
 8 68 19  95
39  0 56  95
34 52  9  95
41 27 27  95
 7 43 45  95
46 14 35  95
28  3 65  96
21 53 22  96
27  4 65  96
26 61  9  96
22 44 30  96
38  1 57  96
 7 18 71  96
14  3 79  96
15 61 20  96
55 24 17  96
61 10 25  96
 8 43 46  97
 4  0 93  97
13 29 55  97
16 58 23  97
57  5 35  97
53 25 19  97
51 35 11  97
66 14 17  97
 7 59 31  97
48 35 14  97
35 31 31  97
12 57 28  97
 8 37 52  97
17 24 56  97
72  0 25  97
 0  2 95  97
73 19  6  98
 9 65 24  98
19 19 60  98
 5 19 74  98
56 26 16  98
 7 23 68  98
27 52 19  98
40 39 19  98
30 13 55  98
43 22 33  98
61 18 19  98
78 12  8  98
48 10 40  98
 9 71 18  98
49 41  8  98
 8 35 55  98
16 76  6  98
 7 77 14  98
84  9  5  98
17 29 52  98
22  0 76  98
36 42 20  98
29 21 48  98
46 11 41  98
48 30 20  98
15 60 24  99
41  3 55  99
 1 37 61  99
24  5 70  99
46 44  9  99
26  5 68  99
67 21 11  99
15 53 31  99
33 41 25  99
46  6 47  99
16  1 82  99
 1 19 79  99
 9 42 48  99
18 38 43  99
15  2 82  99
64 15 20  99
16 27 56  99
68 10 21  99
16 70 13  99
47 46  6  99
28 40 31  99
27  7 65  99
72 11 17 100
34 43 23 100
17 17 66 100
45 54  1 100
27 71  2 100
24 11 65 100
68 18 14 100
41 12 47 100
47 12 41 100
13 30 57 100
25 61 14 100
43  2 55 100
53 20 27 100
27 33 40 100
 0 62 38 100
 3 45 52 100
 3 27 70 100
23 74  3 100
42 19 39 100
 6 77 17 100
23  7 70 100
61  4 35 100
37 43 20 100
43 16 41 100
11 24 65 100
22 36 42 100
38 42 20 100
12 73 16 101
71  8 22 101
79  4 18 101
 8  4 89 101
21 60 20 101
56 37  8 101
22 44 35 101
 4 44 53 101
29 69  3 101
 8 51 42 101
45 33 23 101
18 50 33 101
10 69 22 101
22 53 26 101
14 34 53 101
73  7 21 101
13 31 57 101
37 12 52 101
50 11 41 102
 1 96  5 102
71 16 15 102
22 72  8 102
46 29 27 102
74 14 14 102
 8 64 30 102
50 26 26 102
43 17 42 102
41 11 50 102
48 34 20 102
51  3 48 102
27  7 68 102
42 19 41 102
 4 56 42 102
10 65 28 103
19 24 60 103
50 36 17 103
 3 68 32 103
62  0 41 103
48 46  9 103
38 60  5 103
20 67 16 103
21 65 17 103
33  7 63 103
20 70 13 103
12 89  2 103
55 20 28 103
 8 50 45 103
48 27 28 103
 4 72 27 103
73 16 14 103
25  2 76 103
59 23 21 103
18 57 28 103
10 55 38 103
46 34 23 103
90  3 10 103
20  7 76 103
 6 22 75 103
38 44 21 103
32  4 67 103
46 24 34 104
20 66 18 104
18 84  2 104
44 14 46 104
 9 47 48 104
 6  7 91 104
 8 66 30 104
58  5 41 104
19 12 73 104
36 22 46 104
68 30  6 104
 0 42 62 104
18 22 64 104
12 40 52 104
54 11 39 104
41 51 12 104
30 44 30 104
 5  2 97 104
43 42 20 105
25 38 42 105
24  5 76 105
65  5 35 105
 2 50 53 105
27 37 41 105
 2 81 22 105
 7 16 82 105
75 23  7 105
32  1 72 105
34 38 33 105
17  3 85 105
43 28 34 105
 1 58 46 105
17 36 52 105
21 44 40 105
 0  9 96 105
81 18  6 105
 7 21 77 105
39  5 61 105
10 64 31 105
20 68 17 105
18 13 74 105
47 41 17 105
52 27 27 106
53 12 41 106
63 28 15 106
16  8 82 106
 4 16 86 106
13 91  2 106
20 36 50 106
29 65 12 106
81  3 22 106
20 69 17 106
68 11 27 106
26 18 62 106
33 62 11 106
69 19 18 106
 2 28 76 106
 7 73 26 106
42  1 63 106
87 17  2 106
 5 77 24 106
30 50 26 106
21 37 49 107
69  6 32 107
 9 98  0 107
59 22 26 107
15 45 47 107
95  1 11 107
46 31 30 107
45 40 22 107
42 19 46 107
19 46 42 107
 4 23 80 107
30  4 73 107
26 69 12 107
52  8 47 107
32 43 32 107
 7 25 75 107
52 31 24 107
 9 61 37 107
48  3 56 107
97  6  4 107
 1 44 62 107
44 23 40 107
11 55 41 107
47 35 25 107
65 14 28 107
74  3 31 108
86 12 10 108
56  6 46 108
33 55 20 108
 6 48 54 108
62  1 45 108
 3 68 37 108
28 79  1 108
 4 57 47 108
13 87  8 108
 0 38 70 108
 7 74 27 108
12 24 72 108
35 38 35 108
31 10 67 108
 9 64 35 108
52 12 44 108
65  8 35 108
40 16 52 108
42 25 41 108
10 89  9 108
26 11 71 108
 3  8 97 108
47 43 18 108
23 71 14 108
63 19 26 108
52 56  0 108
26 28 55 109
67 28 14 109
22 77 10 109
 7 20 82 109
 1 39 69 109
71 23 15 109
84  8 17 109
16 92  1 109
13 67 29 109
44  8 57 109
32 23 54 109
89  1 19 109
21  1 87 109
33 24 52 109
47 48 14 109
62 31 16 109
21  9 79 109
12  5 92 109
63 25 21 109
 9 35 65 109
45 28 36 109
68  0 41 109
59 41  9 109
 3 61 45 109
16 15 78 109
59 19 32 110
61 33 16 110
 9 91 10 110
82 20  8 110
70  9 31 110
34 53 23 110
38  5 67 110
70 38  2 110
29 58 23 110
29 63 18 110
37 20 53 110
74 17 19 110
55 39 16 110
17 82 11 110
 3 57 50 110
 4 86 20 110
11 13 86 110
 7 84 19 110
41  1 68 110
68 13 29 110
 3 56 51 110
23 50 38 111
11 93  7 111
67 39  5 111
62 44  5 111
22 41 48 111
15  5 91 111
53 19 39 111
61 26 24 111
27 12 72 111
88  1 22 111
 4 26 81 111
15  1 95 111
23  3 85 111
25 24 62 111
72 23 16 111
70 41  0 111
 8 20 83 111
62 14 35 111
56 34 21 111
34 65 12 111
40 46 26 112
33 36 43 112
54 26 32 112
50  1 61 112
53 38 21 112
53  7 52 112
55 26 31 112
32 43 37 112
58  5 49 112
 6  9 97 112
55 33 24 112
88 22  2 112
19 88  5 112
61 26 25 112
93  4 15 112
71 21 20 112
 7 26 79 112
24 63 25 112
78  9 25 112
59 41 12 112
32 17 63 112
78  3 32 113
34 14 65 113
38 26 49 113
57 40 16 113
 8 67 38 113
54 43 16 113
18 54 41 113
21  5 87 113
64 24 25 113
21 88  4 113
22 89  2 113
83 17 13 113
48 22 43 113
22 72 19 113
36 70  7 113
 6 63 44 113
14 38 61 113
78 21 14 113
24 10 79 113
11 91 11 113
33 80  0 113
29 38 46 113
62 37 14 113
53 44 16 113
64 33 16 113
91  0 23 114
50 54 10 114
12 82 20 114
 8 12 94 114
 6 49 59 114
32 54 28 114
 3 84 27 114
57  0 57 114
46 35 33 114
 4 54 56 114
49 15 50 114
21  6 87 114
13 76 25 114
 1 89 24 114
55 42 17 114
40 57 17 114
 1 67 46 114
62 33 19 114
 2 55 57 114
69 41  4 114
 8 67 39 114
15 86 13 114
16 82 17 115
 0 50 65 115
40 38 37 115
24 24 67 115
59  8 48 115
22 40 53 115
25 71 19 115
36 35 44 115
 0 90 25 115
57 30 28 115
15 20 80 115
39 22 54 115
 1 54 60 115
20 14 81 115
47 54 14 115
90 15 10 115
61 46  8 115
39  4 72 115
 5 20 90 115
10 74 31 115
20 22 73 115
57  0 58 115
11 54 50 115
14 75 26 115
93 13  9 115
37 48 30 115
64 15 36 115
80 28  7 115
18 36 61 115
52 41 22 115
79 30  7 116
53 53 10 116
26 39 51 116
 8 57 51 116
25 70 21 116
29  5 82 116
47 39 30 116
43  5 68 116
13 51 52 116
13 50 53 116
45 20 51 116
57  9 50 116
23 85  8 116
81 25 10 116
24 18 74 116
15 14 87 116
17 46 53 116
20 72 24 116
30 37 49 116
76 32  8 116
60 46 11 117
40 47 30 117
36 44 37 117
34  0 83 117
23 22 72 117
 6 48 63 117
74  8 35 117
12 14 91 117
24 36 57 117
52 45 20 117
16 31 70 117
46 41 30 117
88  1 28 117
87 23  7 117
39 17 61 117
49 62  6 117
36 40 41 117
59  2 56 117
33 54 30 117
42 35 40 117
48 65  4 117
 2 65 51 118
 1 44 73 118
 2 73 43 118
17 41 60 118
44 26 48 118
74 12 32 118
59 45 14 118
20 70 28 118
 4 63 51 118
49 28 41 118
42 31 45 118
73 11 34 118
12 59 47 118
70 25 23 118
51 38 29 118
62 26 30 118
 3 95 21 119
 5 53 61 119
15 43 61 119
77 22 20 119
 1 20 98 119
28 69 22 119
50 23 46 119
67 40 12 119
 2 45 72 119
 2 22 95 119
32 56 31 119
 8 34 77 119
47 62 10 119
43 26 50 119
70 41  8 119
52 28 39 119
21  1 97 119
34  3 82 119
 4 31 84 119
20 83 16 119
 2 98 19 119
44 13 62 119
61 39 19 119
53 14 52 119
52 65  2 119
18 12 89 119
72  0 47 119
68 30 21 119
30 38 51 119
28 77 15 120
89 29  2 120
10 86 24 120
37 33 50 120
21  5 94 120
93  0 27 120
52 65  3 120
23 63 34 120
36 32 52 120
44 51 25 120
64 55  1 120
14 69 37 120
24 83 13 120
64  5 51 120
86 30  4 120
71 46  3 120
29 44 47 120
27 58 35 120
13 56 51 120
87 19 14 120
57 48 15 120
84 20 16 120
57 51 12 120
20 65 35 120
11 95 14 120
36 77  7 120
69  8 43 120
48  6 66 120
 7 22 91 120
35 54 32 121
67 28 26 121
35 28 58 121
73 38 10 121
12 76 33 121
11 75 35 121
78 20 23 121
44 66 11 121
 7 88 26 121
 0 78 43 121
39 10 72 121
36 79  6 121
 8 97 16 121
55 57  9 121
66 20 35 121
 2 34 85 121
53  6 62 121
 8 62 51 121
68 47  6 121
33 12 76 121
11 33 77 121
67  1 54 122
26  5 91 122
56 58  8 122
57 57  8 122
22 85 15 122
 7 70 45 122
18 26 78 122
15 48 59 122
32 84  6 122
86  8 28 122
63  4 55 122
 5 26 91 122
11 53 58 122
91 13 18 122
46 41 35 122
 1 47 74 122
24 72 26 122
17 92 13 122
20 90 12 122
37 68 17 122
61 36 25 122
18 27 77 122
84  1 37 122
29 54 39 122
 6 22 94 122
45 45 32 122
11 64 47 122
31 14 77 122
24 63 35 122
 4 90 28 122
23 44 55 122
53  8 61 122
78 31 13 122
 8 28 86 122
80 24 18 122
 9 42 71 122
41 22 59 122
86 23 13 122
19 86 17 122
35 87  1 123
65 58  0 123
 0 76 47 123
50 26 47 123
45 25 53 123
65 37 21 123
37 68 18 123
 9 74 40 123
36  7 80 123
49 50 24 123
22  8 93 123
29  9 85 123
 7 80 36 123
62 30 31 123
22 49 52 123
65 12 46 123
36 43 44 123
73 25 25 123
79  9 35 123
69 15 39 123
11 25 87 123
40 19 64 123
39 38 46 123
52 71  1 124
45 71  8 124
50 42 32 124
25 60 39 124
10 69 45 124
27 14 83 124
18 17 89 124
51 21 52 124
36 31 57 124
31 48 45 124
25 59 40 124
51 22 51 124
60 19 45 124
18 27 79 124
46 68 10 124
 8 80 36 124
18 19 87 124
 8 21 95 124
20 56 48 124
23 71 30 124
27 53 44 124
67  8 49 124
27 31 66 124
21 95  8 124
11 87 26 124
 5 95 24 124
52 55 17 124
65 32 27 124
64 50 11 125
43 14 68 125
 9 28 88 125
 2 76 47 125
70 20 35 125
33 44 48 125
28 34 63 125
 5 45 75 125
57 32 36 125
72 46  7 125
36 56 33 125
93 24  8 125
86 11 28 125
64 57  4 125
26 76 23 125
12 47 66 125
57 64  4 125
61 40 24 125
70 48  7 125
80 23 22 125
62 36 27 125
88  4 33 125
61 56  8 125
11 55 60 126
40 58 28 126
72 45  9 126
41 39 46 126
95 24  7 126
14 30 82 126
40 19 67 126
27 38 61 126
70 31 25 126
78 19 29 126
82 11 33 126
22 43 61 126
55 21 50 126
45 47 34 126
65 36 25 126
76 28 22 126
18 37 71 126
37  7 82 126
20 38 68 126
25 28 73 126
31 60 35 126
48 10 68 126
12 85 29 126
32 14 80 126
79  9 38 126
 7 23 97 127
32 74 21 127
29 57 41 127
58 17 52 127
12 94 21 127
75 50  2 127
44 75  8 127
31  9 87 127
23 37 67 127
94 21 12 127
60 45 22 127
72  3 52 127
59 51 17 127
11 26 90 127
98 11 18 127
24 11 92 127
21 74 32 127
60 66  1 127
 3 61 63 127
64 62  1 127
95 12 20 127
43  7 77 127
15 37 75 127
 7 28 92 127
31 47 49 127
22 35 70 127
28  5 94 127
14 96 17 127
 4 66 57 127
33  8 86 127
71 47  9 127
82 11 34 127
98 13 16 127
51 69  7 127
75 47  5 127
24 33 70 127
22 91 15 128
63  8 57 128
71 44 13 128
52  7 69 128
 5 33 90 128
24 87 17 128
28 71 29 128
45 18 65 128
 3 95 30 128
81 40  7 128
78 18 32 128
 9 90 29 128
27 39 62 128
16 91 21 128
81 16 31 128
53 68  7 128
54 55 19 128
33 15 80 128
73 29 26 128
37 79 12 128
31  9 88 128
59 21 48 128
73 21 34 128
84 33 11 128
85 11 32 128
37 54 37 128
 6 46 76 128
31 17 80 128
 2 76 51 129
 6 34 89 129
22 74 33 129
24 18 87 129
97  5 27 129
35 39 55 129
28 84 17 129
 8 27 94 129
63 37 29 129
 6 91 32 129
69 16 44 129
93  4 32 129
18 38 73 129
20 40 69 129
89 10 30 129
86  2 41 129
71 20 38 129
17 76 36 129
65  3 61 129
47 14 68 129
59 37 33 129
95 16 18 129
61  5 63 129
 4 39 86 129
55 54 20 129
26 48 55 129
23 16 90 129
90  9 30 129
40 41 48 129
39 59 31 129
51 16 62 129
36 66 27 129
35  6 88 129
30 12 87 129
40  3 86 129
18 59 52 129
40  3 86 129
69  4 56 129
24 82 24 130
10 37 83 130
25 95 10 130
 5 29 96 130
79 12 39 130
36 19 75 130
27 84 19 130
68 26 36 130
21 50 59 130
33  2 95 130
68 30 32 130
68 20 42 130
27 41 62 130
42 65 23 130
 6 69 55 130
57 16 57 130
38 37 55 130
76 21 33 130
43 65 22 130
25 77 28 130
37 22 71 130
20 36 74 130
 0 73 57 130
96 17 17 130
97  2 31 130
15 48 67 130
69 59  2 130
25 87 18 130
43 78  9 130
30 84 16 130
79 45  6 130
60 39 31 130
27 58 45 130
42 71 18 131
 2 76 53 131
38 41 52 131
87 34 10 131
57 74  0 131
67 55  9 131
61  6 64 131
36 42 53 131
74 44 13 131
37 64 30 131
48 83  0 131
34 67 30 131
31 35 65 131
97 16 18 131
26 43 62 131
44 51 36 131
33 57 41 131
65  6 60 131
81 40 10 131
36 43 52 131
83 45  3 131
73  4 54 131
 0 52 79 131
58 63 10 131
36  7 88 131
34 87 10 131
69  1 62 132
70 57  5 132
46 78  8 132
25 34 73 132
97 12 23 132
23 28 81 132
42 35 55 132
53 27 52 132
29 95  8 132
49 46 37 132
60 64  8 132
74 21 37 132
 7 40 85 132
49 15 68 132
33 21 78 132
 9 32 91 132
27 36 69 132
85 36 11 132
18 55 59 132
82 43  7 132
44  9 79 132
38 22 72 132
21 60 51 132
30 88 14 132
45 10 77 132
36 84 12 132
60 44 28 132
23 44 65 132
15 49 68 132
48 81  3 132
33  6 93 132
78 34 20 132
30 23 79 132
17 67 48 132
27 48 57 132
10 50 72 132
28 12 93 133
50 64 19 133
65 10 58 133
31  9 93 133
74  2 57 133
38 46 49 133
60 33 40 133
43 36 54 133
76 22 35 133
89 13 31 133
73 46 14 133
19 28 86 133
69 24 40 133
63 48 22 133
40 64 29 133
11 74 48 133
58 56 19 133
16 23 94 133
42  4 87 133
14 51 68 133
74 51  8 133
83 20 30 133
27 83 23 133
10 91 32 133
42  4 87 133
49 20 64 133
59 19 55 133
63 50 20 133
37 68 28 133
43 13 77 133
41 40 52 133
60  4 69 133
63 25 45 133
91 37  5 133
 1 74 59 134
96 14 24 134
59 29 46 134
75 20 39 134
69 35 30 134
61 46 27 134
26 80 28 134
53 39 42 134
10 79 45 134
20 80 34 134
47 56 31 134
15 73 46 134
14 49 71 134
91 37  6 134
20 87 27 134
72 11 51 134
32 32 70 134
64 22 48 134
43 47 44 134
28 47 59 134
49 20 65 134
39 86  9 134
36 57 41 134
48 56 30 134
27 17 90 134
 4 83 47 134
 7 72 55 134
54 59 22 135
75 37 23 135
62 62 11 135
96  2 37 135
 5 35 95 135
32 38 65 135
74 33 28 135
37 50 48 135
13 51 71 135
82 39 14 135
63 39 33 135
26 50 59 135
12 50 73 135
35 65 35 135
23 31 81 135
 1 55 79 135
50 56 29 135
57  1 77 135
 8 37 90 135
81 18 36 135
18 54 63 135
96 13 26 135
 8 68 59 135
54 59 22 135
94 36  5 135
61 11 63 135
12 95 28 135
82 34 19 135
18 79 38 135
40 49 46 135
39 30 66 135
29 15 91 135
34 75 26 135
 9 84 42 135
46 37 52 135
68  8 59 135
56 35 44 135
69 40 27 136
 6 71 59 136
33 92 11 136
53 27 56 136
70 47 19 136
14 55 67 136
61 50 25 136
25 70 41 136
48 56 32 136
 2 78 56 136
93 17 26 136
24 76 36 136
11 74 51 136
58 37 41 136
67 61  8 136
31 44 61 136
45 19 72 136
36 79 21 136
48 73 15 136
76 52  8 136
 7 93 36 136
53 50 33 136
38 75 23 136
33  7 96 136
74 32 30 136
24 62 50 136
 8 66 62 136
29 87 20 136
43 68 25 136
42  0 94 136
89 32 16 137
53 34 50 137
24 78 35 137
26 51 60 137
66 24 47 137
74  4 59 137
38 79 20 137
79 19 39 137
33 84 20 137
43 82 12 137
36 55 46 137
55 36 46 137
19 66 52 137
64 14 59 137
55 52 30 137
44 24 69 137
96  0 41 137
85 34 18 137
37  4 96 137
45 82 10 137
 8 62 67 137
37 41 59 137
53 69 15 137
39 26 72 137
54 64 19 137
11 36 90 137
81 50  6 137
36 26 75 137
 4 74 59 137
11 60 66 137
 0 56 82 138
62 31 45 138
57 17 64 138
36 55 47 138
24 65 49 138
12 36 90 138
82 35 21 138
38 80 20 138
80  3 55 138
84 22 32 138
60 71  7 138
76 13 49 138
19 71 48 138
98 13 27 138
48 12 78 138
26 77 35 138
24 90 24 138
41 97  0 138
22 50 66 138
94  1 43 138
78  1 59 138
 0 48 90 138
39 23 76 138
36 31 71 138
84 18 36 138
39  2 97 138
89 49  0 138
 2 82 54 138
 2 64 72 138
83 35 21 139
29 47 63 139
36  6 97 139
35 54 50 139
39 97  3 139
71  1 67 139
83 27 29 139
77 18 44 139
81 17 41 139
69 69  1 139
37 93  9 139
39 77 23 139
39 36 64 139
55 31 53 139
79 45 15 139
43  1 95 139
20 51 68 139
84 39 16 139
18 77 44 139
 1 40 98 139
39 23 77 139
27 54 58 139
65 11 63 139
 0 70 70 140
69 53 18 140
84 34 22 140
46 87  7 140
39 49 52 140
27 55 58 140
87 50  3 140
72 31 37 140
67 40 33 140
91  3 46 140
 3 54 83 140
89 48  3 140
64 51 25 140
43  4 93 140
25 26 89 140
75 40 25 140
11 58 71 140
67 20 53 140
67 25 48 140
65 37 38 140
22 49 69 140
57 51 32 140
32 48 60 140
31 21 88 140
38 75 27 140
51 18 71 140
19 33 89 141
77 22 42 141
39 37 65 141
42 15 84 141
26 63 52 141
 9 67 65 141
47 80 14 141
80 48 13 141
90 10 41 141
48 38 55 141
96  1 44 141
44 93  4 141
20 39 82 141
 2 62 77 141
61 11 69 141
90 26 25 141
23 61 57 141
66 67  8 141
46 23 72 141
83 52  6 141
64 76  1 141
95  7 39 141
67 14 60 141
58 57 26 141
64 12 65 141
19 59 63 141
94 41  6 141
61 27 53 141
60 51 30 141
65 42 35 142
36 54 52 142
41 83 18 142
 0 74 68 142
55 65 22 142
85  0 57 142
29 69 44 142
63 56 23 142
71 20 51 142
61 68 13 142
13 53 76 142
17 48 77 142
87 37 18 142
70 16 56 142
30 53 59 142
39 46 57 142
76 15 51 142
58 47 37 142
84 49  9 142
71  5 66 142
21 40 81 142
39 23 80 142
 1 59 82 142
63 28 51 142
17 32 93 142
46 42 54 142
66 66 10 142
43 69 30 142
 7 97 38 142
68  3 71 142
51 60 31 142
87  0 55 142
93 40  9 142
98 38  6 142
30 84 29 143
 0 58 85 143
11 89 43 143
14 84 45 143
68 43 32 143
20 90 33 143
40  7 96 143
45 61 37 143
30 21 92 143
87 36 20 143
71 45 27 143
67 49 27 143
 4 96 43 143
21 71 51 143
83  3 57 143
24 96 23 143
39 86 18 143
59 59 25 143
85 32 26 143
48 26 69 143
88 46  9 143
49 77 17 143
33 74 36 143
59 71 13 143
53 49 41 143
36 54 53 143
29 79 35 143
55 36 52 143
20 71 52 143
12 39 92 143
62 56 25 143
 2 63 78 143
16 56 71 143
33 60 50 143
26 89 28 143
66 77  0 143
44 35 64 143
28 44 71 143
53  8 82 143
44 50 49 143
68 70  6 144
77 53 14 144
51 52 41 144
11 88 45 144
34 69 41 144
79 40 25 144
85 24 35 144
27 38 79 144
78 51 15 144
25 96 23 144
69 56 19 144
48 87  9 144
36 74 34 144
53 10 81 144
90 19 35 144
 3 92 49 144
11 56 77 144
93 46  5 144
63 33 48 144
81 59  4 144
95 48  1 144
59 38 47 144
19 62 63 144
79 17 49 145
73 16 56 145
27 63 55 145
81 47 17 145
45 96  4 145
19 29 97 145
81 51 13 145
33 65 47 145
27 92 26 145
59 51 35 145
51 47 47 145
74  3 68 145
79  8 58 145
15 56 74 145
18 65 62 145
26 32 87 145
27 50 68 145
48 46 51 145
54  9 82 145
27 83 35 145
51  2 92 145
21 35 89 145
24 98 23 145
57 27 61 145
15 42 88 145
14 59 72 145
27 33 85 145
91 49  5 145
47 57 41 145
31 43 71 145
62 40 43 145
41 49 55 145
47 78 20 145
89  2 54 145
21 71 53 145
19 31 95 145
15 89 42 146
35 33 78 146
65 31 50 146
88 48 10 146
59 49 38 146
83 53 10 146
 0 85 61 146
 2 65 79 146
88 41 17 146
 9 71 66 146
90 22 34 146
74 59 13 146
83 59  4 146
72 49 25 146
26 78 42 146
31 92 23 146
25 31 90 146
45  7 94 146
 3 57 86 146
 9 90 47 146
15 38 93 146
62 51 33 146
78  6 62 146
94  0 52 146
47 80 20 147
58  8 81 147
22 80 45 147
79 18 50 147
30 31 86 147
27 88 32 147
42 18 87 147
50  7 90 147
98  5 44 147
23 93 31 147
53 25 69 147
61 47 39 147
 0 75 72 147
52 13 82 147
71 15 61 147
64  3 80 147
78 38 31 147
16 91 40 147
34 97 16 147
12 88 47 147
34 85 28 147
49 34 64 147
62 29 56 147
40 94 13 147
71 73  3 147
43 27 77 147
61 38 48 147
30 81 36 147
13 79 56 148
51  2 95 148
89 38 21 148
22 71 55 148
53 44 51 148
51  0 97 148
41 13 94 148
47 87 14 148
73 36 39 148
86 31 31 148
81 63  4 148
27 50 71 148
55 36 57 148
71 51 26 148
75 66  7 148
60 60 28 148
 6 80 62 148
15 91 42 148
54 29 65 148
28 94 26 148
23 41 84 148
58  3 87 148
15 36 97 148
49 63 36 148
40 51 57 148
73 66  9 148
33 20 95 148
58 30 60 148
77 36 35 148
44 80 24 148
48 71 29 148
37 15 97 149
41 95 13 149
42 70 37 149
38 35 76 149
63 71 15 149
82 43 24 149
19 43 87 149
27 70 52 149
74 34 41 149
33 80 36 149
38 54 57 149
69  5 75 149
44 32 73 149
44 34 71 149
70 22 57 149
69 53 27 149
20 60 69 149
19 35 95 149
79 67  3 149
77 59 13 149
35 21 93 149
25 32 92 149
72 71  6 149
74 44 32 150
39 54 57 150
96 35 19 150
84 29 37 150
54 95  1 150
45 51 54 150
77 59 14 150
34 43 73 150
39 54 57 150
 9 56 85 150
54 92  4 150
75 73  2 150
18 64 68 150
 1 95 54 150
29 65 56 150
24 95 31 150
77 36 37 150
97  0 53 150
68 77  5 150
52 91  7 150
10 63 77 150
52 26 72 150
79 70  1 150
20 92 38 150
52 15 83 150
67 23 60 150
56 87  7 150
50 10 90 150
26 32 92 150
68 79  3 150
60 55 35 150
67 27 57 151
68 54 29 151
34 66 51 151
51 82 18 151
22 54 75 151
91 35 25 151
48 58 45 151
35 18 98 151
71 36 44 151
41 15 95 151
54 80 17 151
43 42 66 151
83 33 35 151
52 54 45 151
78 11 62 151
69 72 10 151
39 22 90 151
85 28 38 151
56 22 73 151
41 30 80 151
80  1 70 151
15 72 64 151
27 71 53 151
31 54 66 151
79 59 14 152
74 14 64 152
35 37 80 152
26 78 48 152
53 11 88 152
91 61  0 152
91 53  8 152
19 66 67 152
17 78 57 152
96 47  9 152
58  4 90 152
85 62  5 152
21 62 69 152
 6 70 76 152
21 71 60 152
60 52 40 152
78 68  6 152
78 34 40 152
75  3 74 152
92  6 54 152
32 22 98 152
56 54 42 152
63 15 74 152
28 65 59 152
13 77 62 152
62 61 29 152
94 22 36 152
53 26 73 152
32 97 23 152
89 47 16 152
39 44 69 152
87 26 39 152
32 38 82 152
65 24 63 152
46 88 18 152
53 66 33 152
78 33 42 153
49 67 37 153
15 72 66 153
74 79  0 153
69  8 76 153
47 90 16 153
22 66 65 153
53 28 72 153
81 43 29 153
31 72 50 153
84 56 13 153
61 18 74 153
79 36 38 153
66 20 67 153
68  1 84 153
51 62 40 153
 7 60 86 153
67 16 70 153
47 18 88 153
13 71 69 153
84  9 60 153
83 10 60 153
60 65 28 153
 3 89 61 153
88  0 65 153
52 37 64 153
35 51 67 153
15 59 79 153
39 32 82 153
 7 68 78 153
48 82 23 153
35 60 58 153
15 79 59 153
69 34 51 154
58 89  7 154
58 73 23 154
58 72 24 154
36 88 30 154
57 51 46 154
19 95 40 154
74 68 12 154
 8 76 70 154
64 13 77 154
67  5 82 154
22 91 41 154
47 14 93 154
18 49 87 154
 5 95 54 154
 5 59 90 154
34 81 39 154
36 60 58 154
19 76 59 154
61 45 48 154
48 79 27 154
42 50 62 154
34 40 80 154
40 35 79 154
33 85 36 154
53 19 82 154
 1 91 62 154
68  0 86 154
88 59  7 154
72 59 23 154
29 58 68 155
54 41 60 155
92 30 33 155
73  9 73 155
93 30 32 155
31 52 72 155
14 89 52 155
70 16 69 155
80 41 34 155
 9 66 80 155
67 31 57 155
83 43 29 155
72 27 56 155
25 45 85 155
65 68 22 155
90 18 47 155
78 22 55 155
28 38 89 155
65 74 16 155
59 60 36 155
98 40 17 155
76 22 57 155
58 41 56 155
51 75 29 155
14 94 47 155
79 63 13 155
52 11 92 155
23 54 78 155
68 30 57 155
42 51 62 155
42 75 38 155
76  3 76 155
87 53 15 155
64 12 79 155
85 23 47 155
35 62 59 156
27 39 90 156
44 58 54 156
69 83  4 156
57 96  3 156
14 66 76 156
91 49 16 156
71 39 46 156
46 13 97 156
90 30 36 156
51 59 46 156
84 23 49 156
49 49 58 156
43 83 30 156
85 20 51 156
87 57 12 156
81 14 61 156
 3 66 87 156
44 16 96 156
65 70 21 156
85 36 35 156
52 20 84 156
59 57 40 156
51 66 39 156
32 31 93 156
96 11 49 156
72 19 65 156
96 21 40 157
31 28 98 157
10 65 82 157
12 64 81 157
12 48 97 157
48 37 72 157
63 92  2 157
56 39 62 157
51  8 98 157
85 19 53 157
42 47 68 157
26 42 89 157
23 94 40 157
66 68 23 157
57 60 40 157
63 93  1 157
11 78 68 157
57 11 89 157
16 61 80 157
56 96  5 157
21 94 42 157
26 49 82 157
57 63 37 157
37 80 40 157
10 87 60 157
50 21 86 157
56 65 36 157
65 53 39 157
48 13 96 157
 9 72 76 157
34 51 72 157
20 55 82 157
59 26 72 157
70 49 38 157
68  9 80 157
77 42 39 158
87 28 43 158
68 83  7 158
54 31 73 158
54 53 51 158
15 81 62 158
84 26 48 158
 9 95 54 158
67 29 62 158
58 75 25 158
98  3 57 158
26 94 38 158
56 40 62 158
57 67 34 158
42 21 95 158
33 56 69 158
73 42 43 158
47 91 20 158
89  1 68 158
91 14 53 158
 5 64 89 158
96  8 54 158
48 58 52 158
85  3 70 158
92  0 66 158
54 86 18 158
50 33 75 158
18 88 52 158
62  0 96 158
83  7 69 159
57 41 61 159
37 68 54 159
15 53 91 159
81 74  4 159
40 71 48 159
86 42 31 159
79 31 49 159
84  4 71 159
59 88 12 159
26 44 89 159
56  7 96 159
98 41 20 159
63 20 76 159
58 67 34 159
56 80 23 159
80 16 63 159
39 33 87 159
69 73 17 159
43 95 21 159
80 56 23 159
89 24 46 159
 8 63 88 159
53 89 17 159
76 72 11 159
32 74 53 159
55 62 43 160
79 69 12 160
61 76 23 160
50 90 20 160
72 48 40 160
65 31 64 160
81 65 14 160
87 15 58 160
39 41 80 160
50 39 71 160
73 66 21 160
44 67 49 160
36 43 81 160
62 72 26 160
69  9 82 160
21 74 65 160
51 48 61 160
56 44 60 160
57  9 95 161
22 83 56 161
70 42 49 161
12 96 53 161
41 50 70 161
51 59 51 161
31 87 43 161
44 98 19 161
32 71 58 161
56 40 65 161
92 65  4 161
94 31 36 161
28 53 80 161
 1 94 66 161
87 29 45 161
33 67 61 161
23 92 46 161
66 51 44 161
16 86 59 161
70 10 81 161
41 83 37 161
27 59 75 161
84 60 17 161
90 49 22 161
94 63  4 161
47 89 25 161
61 15 85 161
57 31 73 161
57 94 10 161
57 82 22 161
39 48 74 161
56 51 54 161
96 23 43 162
51 17 94 162
 1 86 75 162
71 33 58 162
 7 94 61 162
43 31 88 162
30 58 74 162
46 70 46 162
29 52 81 162
16 81 65 162
69 10 83 162
30 68 64 162
70 68 24 162
51 93 18 162
52 54 56 162
30 95 37 162
87 52 23 162
60 12 90 162
23 62 77 162
66 77 19 162
64  7 91 162
85 52 25 162
59 42 61 162
94 29 40 163
63 37 63 163
83 58 22 163
37 86 40 163
89  5 69 163
25 83 55 163
56 55 52 163
95 61  7 163
52 96 15 163
36 98 29 163
48 44 71 163
73 66 24 163
 3 89 71 163
21 73 69 163
 6 87 70 163
96 18 49 163
80 65 18 163
63 98  2 163
29 76 58 163
62 94  7 163
10 76 77 163
66 88  9 163
58 47 58 163
83  0 80 163
79 11 73 163
93 23 47 163
54 70 39 163
84 71  8 163
62 57 44 163
96 23 44 163
96 12 56 164
90 21 53 164
41 48 75 164
57 45 62 164
14 56 94 164
70 20 74 164
35 34 95 164
32 96 36 164
69 25 70 164
73 38 53 164
68 62 34 164
18 73 73 164
58 35 71 164
22 94 48 164
44 39 81 164
 8 96 60 164
89 12 63 164
 0 88 76 164
77 54 34 165
58 82 25 165
54 85 26 165
55 29 81 165
88 16 61 165
92 11 62 165
68 13 84 165
77 30 58 165
50 55 60 165
13 72 80 165
33 74 58 165
40 30 95 165
52 22 91 165
71  7 87 165
17 63 85 165
18 61 86 165
47 91 27 165
63 54 48 165
80 69 16 165
 3 78 84 165
70  4 91 165
13 90 62 165
42 61 62 165
72 54 39 165
77 74 14 165
60 37 68 165
 4 85 77 166
69 79 18 166
58 89 19 166
62 56 48 166
90 55 21 166
87 62 17 166
41 28 97 166
19 69 78 166
42 35 89 166
64 72 30 166
51 40 75 166
67  3 96 166
78 17 71 166
76 58 32 166
83 22 61 166
58 93 15 166
 7 75 84 166
33 86 47 166
30 46 90 166
17 62 87 166
18 56 92 166
66 35 65 166
73 89  4 166
92 29 45 166
98 14 54 166
62 41 63 166
45 31 90 166
31 93 42 166
49 75 42 166
71 95  1 167
83 74 10 167
45 93 29 167
10 66 91 167
58 89 20 167
85 17 65 167
43 39 85 167
68 77 22 167
 1 95 71 167
85 27 55 167
84 64 19 167
79 50 38 167
18 82 67 167
72 79 16 167
87 46 34 167
43 54 70 167
52 81 34 167
97 60 10 167
32 80 55 167
70 48 49 167
64 63 40 167
69 19 79 167
40 45 82 167
10 72 85 167
62 28 77 167
47 38 82 167
57 18 92 167
43 43 82 168
68 28 72 168
 1 80 87 168
16 63 89 168
59 76 33 168
69  3 96 168
 2 92 74 168
81 32 55 168
70 13 85 168
43 92 33 168
61 84 23 168
69 93  6 168
96 11 61 168
98 65  5 168
21 95 52 168
63 85 20 168
70 51 47 168
93  7 68 168
38 56 74 168
34 66 68 168
22 97 49 168
24 70 74 168
15 88 65 168
53 68 47 168
78 60 30 168
23 55 90 168
91 37 40 168
58 80 30 168
93 13 62 168
64 62 42 168
 9 82 77 168
54 43 71 168
83 70 15 168
20 88 61 169
84 11 74 169
89 64 16 169
89 69 11 169
38 33 98 169
30 52 87 169
43 53 73 169
78 71 20 169
67 22 80 169
42 57 70 169
70  1 98 169
13 87 69 169
90 71  8 169
69 23 77 169
76 17 76 169
41 34 94 169
42 52 75 169
52 27 90 169
12 70 87 169
79 35 55 169
33 42 94 169
65 46 58 169
41 47 81 169
56 15 98 169
79 75 15 169
41 60 68 169
35 62 72 169
32 71 66 169
46 56 67 169
80 82  7 169
53 21 96 170
71 18 81 170
77 70 23 170
81 12 77 170
 0 73 97 170
42 52 76 170
39 86 45 170
67 67 36 170
16 80 74 170
 8 72 90 170
70 75 25 170
70 36 64 170
61 73 36 170
21 66 83 170
24 97 49 170
 9 91 70 170
78  2 90 170
73 53 44 170
69 18 83 170
95 26 49 170
 5 68 97 170
45 72 53 170
76 91  3 170
30 86 54 170
69 41 61 171
45 95 31 171
24 77 70 171
62 30 79 171
45 44 82 171
76 83 12 171
21 58 92 171
61 39 71 171
70 11 90 171
87 54 30 171
72 11 88 171
36 63 72 171
 1 81 89 171
66 74 31 171
97 49 25 171
53 69 49 171
83  6 82 171
75 56 40 171
59 24 88 171
29 89 53 171
47 52 72 171
45 31 95 171
60 67 44 171
79 79 13 171
36 96 39 171
57 40 74 171
61 75 35 171
61 38 72 171
28 76 68 172
92 76  4 172
10 86 76 172
88  2 82 172
79 11 82 172
70 54 48 172
31 56 85 172
43 44 85 172
43 50 79 172
79  3 90 172
56 41 75 172
 8 91 73 172
57 23 92 172
52 62 58 172
48 85 39 172
 5 72 95 172
10 90 72 172
45 79 48 172
25 50 97 172
41 87 44 172
49 73 50 172
12 70 90 172
45 60 67 172
58 38 76 172
95  3 74 172
85  3 84 172
79 36 57 172
91 63 18 172
42 87 43 172
97 55 21 173
74 36 63 173
94 35 44 173
82 75 16 173
94 44 35 173
14 62 97 173
33 59 81 173
75 74 24 173
76 67 30 173
78 60 35 173
 4 76 93 173
34 88 51 173
91 70 12 173
33 49 91 173
47 86 40 173
19 57 97 173
79 46 48 173
61 92 20 173
63 96 14 173
53 29 91 173
89 39 45 173
62 17 94 173
73 21 79 173
61 17 96 174
69 52 53 174
89 84  1 174
60 63 51 174
92 64 18 174
45 77 52 174
98 67  9 174
54 31 89 174
79  5 90 174
28 56 90 174
34 75 65 174
69 19 86 174
 7 93 74 174
38 91 45 174
75 30 69 174
94 65 15 174
11 70 93 174
71 33 70 174
62 69 43 174
30 57 87 174
92 22 60 174
24 78 72 174
67 73 34 174
12 78 84 174
77 53 45 175
55 38 82 175
34 72 69 175
37 66 72 175
84 80 11 175
 9 80 86 175
52 40 83 175
90 72 13 175
89  3 83 175
94 22 59 175
23 80 72 175
53 31 91 175
45 35 95 175
24 88 63 175
60 79 36 175
28 69 78 175
30 79 66 175
80 57 38 175
87  5 83 175
 3 95 77 175
12 85 78 175
46 31 98 175
14 82 79 175
41 63 71 175
97 70  8 175
81 89  5 175
64 44 67 175
69 53 53 175
85 88  2 175
31 89 55 175
80 82 13 175
93 67 15 175
37 43 95 175
22 84 69 175
74 81 21 176
74 24 78 176
 7 75 94 176
87 89  0 176
79 37 60 176
88 29 59 176
74 46 56 176
 1 84 91 176
34 69 73 176
63 43 70 176
53 89 34 176
56 22 98 176
10 71 95 176
40 38 98 176
95 58 23 176
60 33 83 176
67 85 24 176
87 70 19 176
84 14 78 176
49 88 39 176
97 10 69 176
61 21 94 176
90 80  6 176
30 73 73 176
32 76 68 176
55 64 57 176
83  4 89 176
73 67 37 177
77 42 58 177
75 41 61 177
48 48 81 177
89 16 72 177
96 49 32 177
97 39 41 177
83 28 66 177
64 67 46 177
79 63 35 177
30 69 78 177
35 90 52 177
32 73 72 177
93  9 75 177
92 69 16 177
60 24 93 177
60 35 83 178
76 45 57 178
13 67 98 178
43 41 94 178
98 62 18 178
75 40 63 178
84 43 51 178
56 55 67 178
40 80 58 178
91 44 43 178
62 54 62 178
29 77 72 178
26 93 59 178
80 82 16 178
87 22 69 178
98 68 12 178
29 96 53 178
95 14 69 178
45 75 58 178
44 53 81 178
43 89 46 178
43 95 40 178
72 98  8 178
91 43 45 179
58 46 75 179
57 70 52 179
84 74 21 179
93 53 33 179
47 47 85 179
77 33 69 179
10 87 82 179
75 22 82 179
73 38 68 179
78 93  8 179
88 16 75 179
95 65 19 179
86 36 57 179
 3 98 78 179
94 18 67 179
18 77 84 179
87 50 42 179
34 67 78 179
42 87 50 179
25 92 62 179
92 84  3 179
96 71 12 179
85 15 79 179
87 24 68 179
80 28 71 179
78  4 97 179
49 44 86 179
44 37 98 179
24 62 93 179
77 22 80 179
72 68 39 179
80 88 11 179
91 33 55 179
70 38 71 179
87 75 17 179
 0 97 82 179
29 63 88 180
67 68 45 180
68 44 68 180
85 44 51 180
89 21 70 180
95  6 79 180
30 86 64 180
81 88 11 180
72 73 35 180
77 70 33 180
92  6 82 180
96 78  6 180
78 39 63 180
55 77 48 180
22 67 91 180
78 88 14 180
52 86 43 181
98 82  1 181
49 59 73 181
47 47 87 181
49 88 44 181
70 14 97 181
18 66 97 181
86 73 22 181
92 46 43 181
69 24 88 181
53 43 85 181
 7 98 76 181
86 45 50 181
54 94 33 181
87 40 54 181
84 10 87 181
75 42 64 181
53 36 92 181
50 96 35 181
75 93 13 181
37 87 57 181
29 72 80 181
75 33 73 181
97 46 38 181
98 50 33 181
93 40 48 181
37 89 55 181
77 68 36 181
75 50 56 181
78 85 19 182
69 84 29 182
13 76 93 182
46 62 74 182
85 37 60 182
50 87 45 182
64 48 70 182
23 80 79 182
95 79  8 182
12 95 75 182
 5 82 95 182
50 38 94 182
82  6 94 182
92 12 78 182
79  8 95 182
95 38 49 182
65 27 90 182
38 71 73 182
72 39 71 182
79 80 23 182
74 17 91 182
26 84 72 182
94 87  1 182
55 48 79 182
44 86 53 183
85 18 80 183
39 97 47 183
23 66 94 183
59 68 56 183
71 45 67 183
73 97 13 183
96 43 44 183
79 55 49 183
43 49 91 183
90 69 24 183
71 57 55 183
46 48 89 183
80 79 24 183
43 86 54 183
41 59 83 183
23 66 94 183
71 36 76 183
87 62 34 183
34 92 57 183
45 62 76 183
97 86  0 183
48 59 76 183
80 63 40 183
59 29 95 183
89 30 64 183
72 80 31 183
58 50 75 183
87 61 35 183
38 89 57 184
72 62 50 184
49 64 71 184
87 41 56 184
71 29 84 184
64 76 44 184
27 78 79 184
79 80 25 184
44 85 55 184
23 89 72 184
37 49 98 184
74 93 17 184
10 88 86 184
59 33 92 184
77 30 77 184
41 62 81 184
11 81 92 184
54 49 81 184
95 59 30 184
94 87  3 184
66 64 54 184
93 61 30 184
60 91 33 184
41 71 72 184
74 38 72 184
75 29 80 184
73 17 94 184
81 82 21 184
52 57 75 184
20 88 76 184
17 86 81 184
54 66 64 184
70 91 23 184
57 65 63 185
34 82 69 185
85 69 31 185
79 17 89 185
73 55 57 185
85 23 77 185
85 47 53 185
59 85 41 185
22 86 77 185
94 77 14 185
85 92  8 185
78 18 89 185
50 85 50 185
91 43 51 185
55 92 38 185
21 66 98 185
36 62 87 185
28 63 94 185
84 90 11 185
63 74 48 185
96 24 65 185
32 94 60 186
59 87 40 186
31 81 74 186
60 39 87 186
86 63 37 186
57 43 86 186
65 54 67 186
74 56 56 186
49 68 69 186
50 39 97 186
95 28 63 186
26 62 98 186
80 38 68 186
19 97 70 186
42 75 69 186
77 38 71 186
86 13 87 186
87 92  7 186
48 48 90 186
98  2 86 186
80 21 85 186
62 48 76 186
97 80  9 186
11 77 98 186
50 93 43 186
 2 95 89 186
90 57 39 186
40 67 79 186
36 94 56 186
76 32 78 186
68 30 88 186
69 85 32 186
73 19 94 186
63 27 97 187
35 81 71 187
33 70 84 187
85 73 29 187
28 80 79 187
18 91 78 187
89 90  8 187
77 77 33 187
83 23 81 187
71 80 36 187
84 13 90 187
91  3 93 187
76 85 26 187
68 29 90 187
84 67 36 187
61 92 34 187
40 76 71 187
69 75 43 187
71 62 54 187
56 50 81 187
71 51 65 187
65 48 74 187
93 71 23 187
81 58 48 187
76 42 69 187
84 13 90 187
 8 85 94 187
79 72 37 188
30 93 65 188
40 67 81 188
18 73 97 188
76 35 77 188
49 68 71 188
43 64 81 188
68 45 75 188
24 82 82 188
57 90 41 188
71 78 39 188
20 79 89 188
68 92 28 188
86 35 67 188
54 90 44 188
16 88 84 188
73 35 80 188
47 57 84 188
33 81 74 188
57 85 46 188
94 60 34 188
85 60 43 188
91 22 76 189
54 72 63 189
51 80 58 189
71 46 72 189
98  7 84 189
87 81 21 189
56 51 82 189
47 70 72 189
26 78 85 189
27 70 92 189
76 55 58 189
97 40 52 189
90 86 13 189
60 56 73 189
86 92 11 189
 1 91 97 189
23 90 76 189
14 91 84 189
74 71 44 189
66 30 93 189
38 57 94 189
76 46 67 189
71 70 48 189
88 27 74 189
52 57 80 189
67 89 33 189
81 78 30 189
35 68 86 189
96 55 39 190
67 42 81 190
41 95 54 190
50 84 56 190
68 67 55 190
44 79 67 190
67 96 27 190
89 37 64 190
93 58 39 190
69 75 46 190
93 89  8 190
56 87 47 190
42 64 84 190
90 12 88 190
80 25 85 190
40 95 55 190
77 85 28 190
54 63 73 190
62 87 41 190
79 88 23 190
77 76 37 190
20 90 80 190
97 85  9 191
64 76 51 191
14 98 79 191
96 33 62 191
83 73 35 191
78 72 41 191
39 55 97 191
72 47 72 191
90 63 38 191
88 34 69 191
93 32 66 191
89 25 77 191
48 98 45 191
79 42 70 191
84 65 42 191
70 83 38 191
46 94 51 191
73 47 71 191
66 82 43 191
79 42 70 191
75 79 37 191
37 74 80 191
87 89 15 191
89 66 36 191
71 34 86 191
72 79 41 192
77 46 69 192
67 49 76 192
50 93 49 192
36 84 72 192
90  7 95 192
45 98 49 192
61 91 40 192
90 19 83 192
79 34 79 192
36 81 75 192
60 40 92 192
80 79 33 192
61 85 46 192
73 94 25 192
85 17 90 192
64 74 54 192
71 52 69 192
92 58 42 192
51 77 65 193
90 62 41 193
97 41 55 193
63 64 66 193
49 92 52 193
83 68 42 193
20 78 95 193
98 72 23 193
16 86 91 193
90 89 14 193
89 73 31 193
50 76 67 193
40 68 85 193
90 47 56 193
79 97 17 193
65 92 36 193
98 17 78 193
70 69 54 193
81 63 49 193
64 58 71 193
74 71 49 194
15 87 92 194
67 48 79 194
14 91 89 194
16 87 91 194
97 51 46 194
59 63 72 194
70 51 73 194
63 60 71 194
73 51 70 194
90 13 91 194
37 95 62 194
45 86 63 194
57 62 75 194
89 68 37 194
83 70 41 194
63 65 66 194
61 60 73 194
54 73 67 194
67 68 59 194
49 51 95 195
76 90 29 195
81 24 90 195
92 23 80 195
13 94 88 195
90 49 56 195
82 44 69 195
19 78 98 195
58 46 91 195
91 20 84 195
80 60 55 195
84 36 75 195
56 84 55 195
83 22 90 195
35 82 78 195
26 94 75 195
94 59 42 195
60 78 57 195
97 34 64 195
34 85 76 195
40 98 57 195
90 74 32 196
79 64 53 196
86 51 59 196
95 17 84 196
32 71 93 196
85 87 24 196
68 95 33 196
72 33 91 196
62 73 61 196
45 97 54 196
84 81 31 196
77 50 69 196
31 82 83 196
41 98 57 196
23 75 98 196
76 50 70 196
35 87 74 196
 7 93 96 196
62 67 68 197
29 98 70 197
87 95 15 197
85 64 48 197
98  1 98 197
50 93 54 197
73 32 92 197
61 65 71 197
34 95 68 197
58 61 78 197
60 49 88 197
70 31 96 197
31 84 82 197
47 60 90 197
90 28 79 197
91 94 12 197
16 83 98 197
87 61 49 197
51 56 90 197
92 76 29 197
63 62 72 197
59 47 91 197
54 79 64 197
71 42 85 198
63 46 89 198
28 72 98 198
87 87 24 198
36 64 98 198
59 44 95 198
95 21 82 198
87 30 81 198
87 44 67 198
92 85 21 198
90 72 36 198
90 37 71 198
94 58 46 198
79 28 91 198
95 43 61 199
81 50 68 199
86 27 86 199
20 90 89 199
88 37 74 199
77 97 25 199
70 87 42 199
58 77 64 199
84 86 29 199
98 68 33 199
18 87 94 199
97 53 49 199
25 90 84 199
57 69 73 199
63 51 85 199
41 78 80 199
78 51 70 199
61 84 54 199
27 97 75 199
83 86 30 199
53 49 97 199
84 82 33 199
76 63 61 200
87 50 63 200
50 82 68 200
52 81 67 200
55 74 71 200
70 48 82 200
68 35 97 200
54 74 72 200
52 83 65 200
85 80 35 200
63 60 77 200
67 71 62 200
89 22 89 200
98 62 40 200
19 98 83 200
97 77 26 200
16 94 90 200
36 75 89 200
42 66 92 200
69 85 47 201
71 37 93 201
48 59 94 201
93 26 82 201
48 57 96 201
93 50 58 201
87 24 90 201
96 60 45 201
97 71 33 201
90 43 68 201
11 92 98 201
53 93 55 201
91 59 51 201
64 98 39 201
82 82 37 201
45 69 87 201
52 90 59 201
56 95 50 201
53 87 61 201
97 10 95 202
68 76 58 202
87 39 76 202
91 59 52 202
81 69 52 202
65 91 46 202
66 40 96 202
16 95 91 202
96 22 84 202
41 79 82 202
82 58 62 202
98 74 30 202
55 68 79 202
51 78 73 202
33 91 78 202
88 72 42 202
62 86 54 202
82 84 36 202
92 62 48 202
31 76 95 202
68 45 89 202
73 68 61 202
88 89 26 203
52 55 96 203
85 71 47 203
74 73 56 203
72 36 95 203
26 94 83 203
26 97 80 203
80 43 80 203
66 39 98 203
12 98 93 203
71 34 98 203
62 77 64 203
91 94 18 203
80 63 60 203
51 61 91 203
50 94 59 203
96 34 73 203
60 87 56 203
73 34 96 203
87 79 37 203
97 90 16 203
62 55 86 203
83 85 35 203
96 65 43 204
81 57 66 204
85 32 87 204
95 66 43 204
93 43 68 204
84 48 72 204
68 38 98 204
87 19 98 204
43 92 69 204
87 74 43 204
20 89 95 204
88 86 30 204
58 68 78 204
26 81 97 204
83 42 79 204
57 78 69 204
11 95 98 204
91 75 38 204
98 47 59 204
41 78 85 204
72 82 50 204
97 83 25 205
90 93 22 205
84 34 87 205
44 81 80 205
67 97 41 205
88 32 85 205
70 77 58 205
79 77 49 205
41 97 67 205
79 53 73 205
83 60 62 205
62 90 53 205
61 73 71 205
27 88 90 205
61 59 85 205
54 73 78 205
93 26 86 205
79 60 66 205
87 82 36 205
87 98 21 206
66 67 73 206
75 53 78 206
42 68 96 206
83 88 35 206
91 68 47 206
78 46 82 206
54 81 71 206
43 89 74 206
48 97 61 206
97 64 45 206
31 91 84 206
20 89 97 206
57 93 56 206
65 80 61 206
56 86 65 207
32 89 86 207
53 95 59 207
55 94 58 207
54 59 94 207
89 90 28 207
98 42 67 207
96 40 71 207
78 63 66 207
46 97 64 207
62 89 56 207
91 32 84 207
86 70 51 207
42 91 74 207
93 71 44 208
85 92 31 208
68 59 81 208
43 75 90 208
76 66 66 208
91 93 24 208
62 87 59 208
96 20 92 208
61 97 50 208
83 45 80 208
89 58 61 208
78 44 86 208
63 51 94 208
56 55 97 208
69 93 46 208
44 66 98 208
89 55 64 208
88 34 86 208
85 86 38 209
81 90 38 209
77 48 84 209
81 78 50 209
79 34 96 209
93 84 32 209
66 53 90 209
77 77 55 209
62 67 80 209
96 47 66 209
68 45 96 209
56 93 60 209
43 88 78 209
83 76 50 209
97 21 92 210
58 90 62 210
86 50 74 210
92 31 87 210
39 88 83 210
43 73 94 210
82 38 90 210
48 77 85 210
61 68 81 210
89 60 61 210
74 73 64 211
32 87 92 211
54 97 60 211
39 77 95 211
42 74 95 211
93 41 77 211
92 91 28 211
66 58 87 211
82 39 90 211
94 59 58 211
89 76 46 211
89 27 95 211
76 52 83 211
71 44 96 211
92 22 97 211
97 34 80 211
22 92 97 211
69 79 63 211
88 70 54 212
77 50 85 212
69 80 63 212
79 64 69 212
77 65 70 212
80 80 52 212
71 54 87 212
75 80 57 212
86 68 58 212
32 89 91 212
61 56 95 212
86 93 33 212
49 67 96 212
34 85 94 213
65 59 89 213
76 90 47 213
61 87 65 213
58 87 68 213
57 81 75 213
83 49 81 213
67 58 88 213
91 90 32 213
92 31 90 213
89 52 72 213
95 38 80 213
91 87 35 213
39 85 89 213
65 87 61 213
98 41 74 213
94 44 75 213
75 86 52 213
97 47 70 214
50 66 98 214
77 76 61 214
57 63 94 214
64 61 89 214
96 32 86 214
85 63 67 215
88 49 78 215
95 95 25 215
55 95 65 215
69 83 63 215
49 82 84 215
88 70 57 215
91 38 86 215
80 86 49 215
95 52 68 215
66 83 66 215
61 80 74 215
84 71 60 215
72 92 51 215
95 81 39 215
52 82 82 216
43 82 91 216
66 94 56 216
62 91 63 216
97 77 42 216
27 95 94 216
77 71 68 216
51 92 73 216
83 66 67 216
82 74 60 216
97 92 27 216
85 92 39 216
93 76 47 216
92 29 95 216
52 85 79 216
82 56 78 216
42 94 80 216
70 80 67 217
96 95 26 217
38 85 94 217
81 53 83 217
39 85 93 217
52 94 71 217
93 31 93 217
80 55 82 217
46 89 83 218
62 84 72 218
76 66 76 218
32 96 90 218
67 64 87 218
74 77 67 218
68 93 57 218
76 59 83 218
84 66 68 218
98 90 30 218
98 82 38 218
72 67 80 219
50 88 81 219
63 95 61 219
55 85 79 219
87 67 65 219
89 85 45 219
92 91 36 219
98 31 90 219
73 79 67 219
97 56 66 219
94 56 69 219
53 96 71 220
39 89 92 220
98 70 52 220
52 98 70 220
78 89 53 220
79 74 67 220
59 94 67 220
70 60 90 220
70 59 91 220
95 38 87 220
79 77 64 220
80 57 83 220
65 87 68 220
81 66 73 220
80 50 90 220
46 79 95 220
71 75 74 220
86 53 82 221
96 50 75 221
82 52 87 221
62 69 90 221
90 43 88 221
63 79 79 221
90 74 57 221
83 94 44 221
74 94 53 221
93 82 46 221
81 79 61 221
95 92 34 221
79 69 74 222
45 90 87 222
84 77 61 222
80 58 84 222
70 96 56 222
65 66 91 222
57 90 75 222
92 96 34 222
80 86 56 222
96 52 74 222
96 78 48 222
63 92 67 222
85 92 45 222
61 91 70 222
69 68 85 222
43 98 81 222
73 72 78 223
95 44 84 223
75 55 93 223
90 47 86 223
80 84 59 223
40 87 96 223
75 72 76 223
71 90 62 223
76 79 68 223
78 83 62 223
84 66 73 223
95 56 72 223
98 42 84 224
90 66 68 224
95 67 62 224
69 75 80 224
53 91 80 224
68 66 90 224
69 78 77 224
79 92 53 224
55 76 93 224
50 88 86 224
81 54 89 224
83 97 44 224
55 84 86 225
87 73 65 225
76 65 84 225
81 67 77 225
79 50 96 225
98 87 40 225
53 96 76 225
46 96 83 225
62 95 69 226
54 74 98 226
98 49 79 226
76 97 54 227
63 83 81 227
88 72 67 227
47 85 95 227
83 76 68 227
98 72 57 227
85 64 78 227
76 57 94 227
75 83 69 227
76 81 70 227
62 77 88 227
79 88 60 227
72 80 75 227
95 84 48 227
92 73 62 227
55 88 84 227
57 91 80 228
97 81 50 228
95 76 57 228
85 81 62 228
70 95 63 228
65 68 96 229
97 73 59 229
97 49 83 229
93 66 70 229
69 66 94 229
53 91 85 229
51 91 87 229
86 94 49 229
56 77 96 229
88 55 86 229
62 72 95 229
65 84 80 229
76 55 98 229
91 47 91 229
95 52 82 229
94 98 38 230
92 68 70 230
92 76 62 230
95 73 62 230
87 84 59 230
93 40 98 231
88 95 48 231
86 53 92 231
95 62 74 231
91 47 93 231
93 89 49 231
69 75 87 231
75 81 75 231
60 77 94 231
66 95 71 232
66 84 82 232
80 92 60 232
94 67 71 232
92 77 63 232
71 98 63 232
95 69 68 232
57 82 93 232
80 86 67 233
97 92 44 233
71 84 78 233
62 87 84 233
85 60 88 233
42 94 97 233
42 98 93 233
78 97 58 233
51 93 89 233
53 83 97 233
64 78 91 233
77 73 84 234
64 79 91 234
91 50 93 234
77 73 84 234
81 78 75 234
66 97 71 234
71 94 69 234
72 94 68 234
50 91 93 234
50 93 91 234
98 52 84 234
84 60 90 234
60 89 85 234
96 97 42 235
92 65 78 235
96 79 60 235
69 88 78 235
71 93 71 235
93 84 58 235
95 65 76 236
66 97 73 236
96 55 85 236
62 77 97 236
97 59 80 236
85 67 84 236
85 74 77 236
88 50 98 236
75 70 91 236
83 74 79 236
67 79 91 237
92 62 83 237
79 82 76 237
75 65 97 237
73 78 86 237
84 96 57 237
89 69 79 237
77 83 77 237
71 77 90 238
64 89 85 238
75 95 68 238
92 74 73 239
63 91 85 239
88 56 95 239
94 56 89 239
89 52 98 239
91 76 72 239
85 69 85 239
91 71 77 239
89 58 93 240
91 97 52 240
85 87 68 240
66 96 78 240
94 86 60 240
81 66 93 240
79 85 76 240
66 87 87 240
70 88 82 240
79 98 63 240
64 82 94 240
67 79 94 240
73 70 98 241
92 62 87 241
89 86 66 241
89 55 97 241
87 69 85 241
86 68 87 241
73 82 86 241
88 70 83 241
74 93 74 241
87 79 75 241
80 70 91 241
49 95 97 241
65 89 87 241
90 54 98 242
98 57 87 242
78 75 89 242
75 89 78 242
95 78 70 243
78 77 88 243
61 92 90 243
65 94 84 243
54 93 96 243
63 83 97 243
87 77 79 243
89 97 57 243
82 76 85 243
73 84 86 243
88 87 69 244
91 66 87 244
63 83 98 244
94 71 79 244
62 97 85 244
92 73 79 244
84 96 65 245
86 86 73 245
67 85 93 245
58 94 93 245
96 54 95 245
93 86 66 245
73 88 85 246
88 96 62 246
91 82 73 246
78 92 76 246
87 98 61 246
70 86 90 246
86 78 83 247
71 84 92 247
95 70 82 247
94 84 69 247
79 76 92 247
89 74 84 247
82 87 79 248
96 68 84 248
85 94 69 248
91 76 82 249
82 87 80 249
92 96 62 250
90 80 80 250
78 93 79 250
87 94 69 250
81 89 80 250
86 73 91 250
74 91 85 250
92 91 68 251
61 95 95 251
97 66 88 251
98 84 69 251
97 96 58 251
84 97 70 251
92 95 65 252
90 71 91 252
98 86 68 252
89 74 89 252
88 98 66 252
79 96 78 253
95 98 61 254
70 90 94 254
89 96 69 254
94 81 79 254
88 81 86 255
96 82 77 255
61 98 96 255
72 91 92 255
69 95 92 256
88 76 93 257
88 75 94 257
89 93 75 257
96 84 78 258
86 79 93 258
71 96 91 258
94 73 92 259
75 91 93 259
81 95 83 259
92 91 77 260
81 98 81 260
88 81 91 260
97 78 85 260
84 95 81 260
78 86 96 260
84 98 78 260
76 96 89 261
88 91 82 261
89 78 94 261
87 81 94 262
77 95 90 262
95 75 93 263
68 97 98 263
81 88 95 264
92 95 77 264
74 98 92 264
85 92 88 265
83 93 90 266
92 88 86 266
82 87 98 267
97 84 88 269
84 90 95 269
92 95 83 270
98 81 92 271
88 90 93 271
89 92 92 273
91 92 97 280
92 98 91 281
96 92 96 284
98 98 92 288
0.009338099999979477