 6  0 13  19
15  0  7  22
 6  9 10  25
 8  4 19  31
14  0 18  32
16 17  0  33
16 11  6  33
37  0  1  38
17 19  2  38
 2 27  9  38
19  5 15  39
17  3 19  39
18  3 18  39
25  1 13  39
22  4 15  41
14 12 15  41
 6  1 36  43
10 32  1  43
 5 25 14  44
 0 25 20  45
17 14 14  45
44  0  1  45
 8  3 35  46
 3 22 21  46
 8 28 13  49
 7 41  1  49
10 33  8  51
 1 44  6  51
46  2  3  51
16 19 17  52
 3 16 33  52
 2 35 16  53
25 20  8  53
10 32 12  54
36  1 18  55
23 25  7  55
 8 39  9  56
44  3 10  57
38 18  2  58
51  5  2  58
 3 13 42  58
16 22 21  59
23 24 12  59
15 29 16  60
10 41 10  61
27 25  9  61
 3 10 48  61
13 30 19  62
18 32 12  62
 1 50 11  62
11  2 49  62
 1 57  5  63
21 36  7  64
40 10 14  64
44  2 18  64
 4 38 23  65
29  2 34  65
20 43  2  65
 0 63  3  66
20 30 16  66
 3 13 50  66
39  3 24  66
49  9  9  67
 2  0 65  67
55  7  5  67
 8 45 15  68
 2 16 51  69
23  3 43  69
56  8  6  70
25 13 32  70
18 46  6  70
20 34 17  71
57 11  3  71
 1 26 44  71
 5 15 51  71
22  0 49  71
17 30 25  72
19 17 36  72
13  6 53  72
16 41 15  72
43 10 19  72
18  9 46  73
37  2 35  74
 8 13 54  75
59  5 11  75
18 29 30  77
26 42  9  77
30 22 26  78
26 44  8  78
 1 62 16  79
35  2 42  79
21  8 50  79
20 23 36  79
41 39  0  80
23 10 47  80
37 29 14  80
72  5  4  81
 5 50 26  81
 0 73  8  81
38 13 31  82
48 16 18  82
47 34  1  82
28 19 35  82
 0 40 43  83
 4 75  4  83
 9 13 61  83
10 23 50  83
55 28  1  84
23  1 60  84
 4 24 56  84
25 33 26  84
 9 70  5  84
39  7 39  85
10 69  6  85
 4  6 75  85
 5  7 74  86
64  5 17  86
 8 66 12  86
80  2  4  86
62 15  9  86
45 40  1  86
 3  9 75  87
16 33 38  87
31  0 56  87
61 15 11  87
19 43 25  87
11  2 74  87
15 36 36  87
43  1 43  87
11 37 39  87
10 70  8  88
43 37  8  88
53 31  4  88
17 60 12  89
22 10 57  89
63 17  9  89
28 11 50  89
61 21  7  89
25 46 18  89
53  9 28  90
26 34 30  90
44 43  3  90
19 33 38  90
31  9 50  90
20 36 35  91
46 37  8  91
48 38  5  91
 7 37 47  91
 6 58 27  91
12 49 30  91
31 56  5  92
16 73  3  92
82  6  4  92
85  3  4  92
56 12 24  92
10  6 77  93
 7 31 55  93
31 26 37  94
37 44 13  94
50 18 26  94
 3 72 19  94
 4 85  6  95
62 20 13  95
48 34 13  95
22 14 59  95
29 45 21  95
88  2  5  95
50  3 43  96
11  7 78  96
17 14 65  96
95  2  0  97
61 12 24  97
58 31  8  97
 1 32 64  97
89  2  6  97
19 42 36  97
22 13 62  97
50 30 17  97
17 13 68  98
48  5 45  98
34 54 10  98
59 37  2  98
54  6 39  99
18 59 22  99
18 60 23 101
 1 55 45 101
37 34 30 101
12 35 54 101
34 36 31 101
69 19 14 102
38 35 29 102
76 10 16 102
57 27 18 102
 9 62 31 102
42 26 35 103
25 66 13 104
15 59 30 104
65 16 23 104
21  1 82 104
74 22  8 104
52  4 49 105
60 25 20 105
20 76  9 105
20 32 53 105
 3 66 36 105
 5 17 83 105
33 26 47 106
36 47 23 106
47 48 11 106
22 26 58 106
19 85  2 106
20  5 82 107
54 40 13 107
25 13 69 107
53 23 31 107
17 77 13 107
 4 18 86 108
39 59 10 108
75  3 30 108
47  2 59 108
16 65 27 108
 8 79 22 109
 7 30 72 109
37  5 67 109
 6 69 34 109
13 69 27 109
31 28 50 109
59 35 15 109
54  8 47 109
57 46  6 109
16 13 81 110
48  6 56 110
37 14 59 110
 3 19 88 110
47 17 47 111
26 16 69 111
58 28 25 111
24 47 40 111
66  0 45 111
 6 48 57 111
87 22  2 111
75 27  9 111
 6 10 96 112
28 49 35 112
22 54 36 112
85 27  0 112
35 28 49 112
 7 58 47 112
23 43 46 112
88 21  3 112
59 49  4 112
21 90  1 112
 9 36 68 113
44 63  6 113
45 66  2 113
73  4 36 113
16 57 40 113
22 28 64 114
10 27 77 114
29 44 41 114
 4 81 29 114
32 33 49 114
32 45 37 114
11  5 98 114
79  2 34 115
57 30 28 115
14 72 29 115
24 61 30 115
51  3 61 115
72 29 14 115
80 25 11 116
79 27 10 116
 0 20 96 116
46 69  2 117
14 28 75 117
 0 84 33 117
33 56 28 117
48  3 66 117
37 79  2 118
37 24 57 118
80 37  1 118
28  3 87 118
73 28 17 118
62 43 13 118
 6 68 45 119
20 47 52 119
51 13 55 119
60 11 48 119
75 37  7 119
20 74 25 119
28 15 76 119
33 31 55 119
53 43 24 120
71 17 32 120
 5 85 30 120
11 46 63 120
21 51 49 121
68  3 50 121
20 88 13 121
28 84  9 121
65 15 41 121
60 54  7 121
87  0 34 121
32 47 42 121
74 25 22 121
 0 88 33 121
 7 88 26 121
47 32 43 122
72  0 50 122
67 37 18 122
49 70  3 122
 0 57 65 122
29 19 74 122
39 19 64 122
12 82 28 122
68 24 30 122
85  2 35 122
47 65 11 123
34 76 13 123
18 91 14 123
26  7 90 123
49 51 23 123
43 14 66 123
30 44 49 123
18 27 79 124
80 33 11 124
32 31 61 124
92 15 17 124
44  6 75 125
60 31 34 125
61 15 49 125
17 35 73 125
15 79 31 125
34 60 31 125
28 10 87 125
 2 28 95 125
84  3 38 125
21 26 79 126
14 37 75 126
25 74 27 126
56 45 25 126
34 79 13 126
45  9 72 126
15 40 71 126
 4 26 96 126
21 59 46 126
64 35 27 126
28 89 10 127
63 16 48 127
56 30 41 127
 8 51 68 127
21 51 55 127
92  8 27 127
62 15 50 127
17 26 84 127
61 20 47 128
35 60 33 128
49 27 52 128
26 95  7 128
82 34 12 128
86 23 19 128
70  0 58 128
 6 95 27 128
20 11 97 128
65  4 59 128
98 23  8 129
12 57 60 129
45 21 63 129
34  9 86 129
69 17 43 129
81 22 27 130
74 41 15 130
28 74 28 130
71 43 16 130
35 14 81 130
22 85 23 130
18 69 43 130
88  8 34 130
34 97  0 131
 2 34 95 131
78 11 42 131
86 40  5 131
 5 79 47 131
 4 33 94 131
14 45 72 131
60 16 55 131
29 18 85 132
93 30  9 132
12 25 95 132
14 78 40 132
14 98 20 132
 9 79 44 132
23 16 93 132
45 80  7 132
19 79 34 132
55 28 49 132
65 66  2 133
50 68 15 133
19 43 72 134
11 73 50 134
70 49 15 134
68 49 17 134
20 93 21 134
93 10 31 134
42 89  3 134
29 31 74 134
47 48 40 135
96 35  4 135
79 49  7 135
37 51 47 135
60 32 43 135
53 15 67 135
12 68 56 136
40 24 72 136
54 30 52 136
70  8 58 136
 8 67 61 136
38 44 54 136
 8 70 58 136
61 72  3 136
 8 46 82 136
54 35 47 136
58 61 18 137
17 26 94 137
97 23 17 137
92  3 42 137
 8 74 55 137
17 44 77 138
44 59 35 138
35 47 56 138
43 95  0 138
48 58 32 138
61 32 45 138
59 27 52 138
37 72 29 138
72 29 38 139
46 32 61 139
46 68 25 139
30 22 87 139
48 69 22 139
44 73 22 139
 7 70 63 140
69 61 10 140
58 41 41 140
78 20 42 140
29 47 64 140
18 42 80 140
61 71  8 140
 9 59 73 141
85 27 29 141
53 51 37 141
82 29 31 142
48 21 73 142
29 75 38 142
22 28 92 142
53 61 28 142
50 14 78 142
32 63 47 142
64 22 56 142
60 64 18 142
90 29 24 143
49 69 25 143
81 51 11 143
52 11 80 143
60  9 75 144
13 93 38 144
64 24 56 144
24 64 56 144
61 78  5 144
53 47 44 144
15 97 32 144
39 64 42 145
88 22 35 145
21 93 31 145
45 26 74 145
68 62 15 145
42 32 71 145
28 75 42 145
54 78 13 145
98 16 32 146
91  7 48 146
73 34 39 146
49 47 50 146
43 11 92 146
46 23 77 146
63  4 79 146
76 12 58 146
93 46  7 146
46 65 35 146
72  8 67 147
67 11 69 147
 3 74 70 147
93 20 34 147
61 35 51 147
96 49  3 148
27 40 81 148
64 40 44 148
36 76 36 148
 0 76 72 148
 7 94 48 149
 2 56 91 149
 7 66 76 149
72 60 17 149
56 54 39 149
 2 54 93 149
51 95  4 150
89 54  7 150
92  2 56 150
84 49 17 150
68 49 33 150
13 87 50 150
63  2 85 150
59  5 86 150
37 93 20 150
73 74  3 150
 3 59 88 150
36 25 89 150
53 71 26 150
90 14 47 151
65 44 42 151
53  0 98 151
96 20 36 152
49 29 74 152
61 71 20 152
67 66 19 152
19 58 75 152
50 26 76 152
72 66 14 152
67 25 61 153
75 30 48 153
91 26 36 153
83 15 55 153
48 51 54 153
73 50 30 153
16 82 55 153
90  4 60 154
 1 95 58 154
45 61 48 154
72 20 62 154
41 75 38 154
29 95 31 155
74 59 22 155
11 94 50 155
89 41 25 155
86  0 69 155
22 85 48 155
 9 98 48 155
71 70 14 155
18 90 48 156
65 88  3 156
41 48 67 156
 8 90 58 156
53 68 35 156
89 33 35 157
38 62 57 157
93 15 49 157
44 82 31 157
95 20 42 157
36 63 58 157
52 29 76 157
70 27 61 158
67 29 62 158
30 57 71 158
16 65 77 158
 6 91 61 158
67 73 18 158
 1 66 91 158
71 74 13 158
50 11 97 158
50 61 47 158
11 69 78 158
64 58 37 159
62 22 75 159
58 75 26 159
63 71 25 159
86 34 39 159
93 62  4 159
32 51 76 159
62 77 20 159
77 15 67 159
75  6 78 159
76  2 81 159
91 61  8 160
 1 90 69 160
37 47 76 160
83 62 15 160
30 76 54 160
70 55 35 160
47 22 91 160
62 83 16 161
69 58 34 161
64 52 45 161
46 53 62 161
47 24 90 161
58 87 16 161
88 69  4 161
71 14 76 161
16 85 60 161
78 19 64 161
 9 95 57 161
58 91 12 161
75  8 78 161
68 43 51 162
 8 59 95 162
38 55 69 162
30 73 59 162
66 47 49 162
45 49 68 162
76 34 52 162
82 71  9 162
32 51 80 163
55 17 91 163
86 58 19 163
14 88 61 163
64 24 75 163
31 59 73 163
41 40 82 163
84 14 65 163
65 95  3 163
98 43 23 164
44 50 70 164
61 46 57 164
51 42 71 164
22 87 55 164
50 66 49 165
94 16 55 165
60 38 67 165
30 52 83 165
66  5 94 165
83 11 71 165
45 40 80 165
79 32 55 166
35 89 42 166
80 52 34 166
74 77 15 166
80 34 52 166
44 70 52 166
39 75 52 166
34 88 45 167
96 16 55 167
53 54 60 167
34 77 56 167
87 38 42 167
92 61 14 167
61 45 61 167
56 21 91 168
66 92 10 168
84 35 49 168
38 72 58 168
52 96 20 168
61 77 30 168
60 73 35 168
73  9 86 168
88 26 55 169
71 22 76 169
28 57 84 169
90 28 51 169
42 83 44 169
25 89 55 169
75 83 11 169
50 72 47 169
55 29 86 170
46 26 98 170
21 78 71 170
60 51 59 170
58 14 98 170
55 67 48 170
70 34 66 170
61 36 73 170
21 89 60 170
30 62 78 170
79 36 56 171
59 30 82 171
67 79 25 171
60 53 58 171
87 22 62 171
22 56 93 171
86 29 56 171
40 86 45 171
74 30 67 171
61 43 67 171
34 83 54 171
10 66 95 171
31 56 85 172
74  8 90 172
70 12 90 172
27 73 72 172
11 78 83 172
58 35 80 173
58 42 73 173
74 70 29 173
86 27 61 174
10 85 79 174
50 63 61 174
61 72 41 174
87 62 25 174
11 97 66 174
76 83 15 174
 4 95 75 174
14 93 67 174
29 48 98 175
81 21 73 175
63 77 35 175
72 91 12 175
88 55 32 175
34 66 76 176
66 83 27 176
77 95  4 176
77 15 84 176
91 57 28 176
55 35 86 176
51 62 63 176
95 79  2 176
88 40 48 176
26 90 61 177
70 38 69 177
35 62 80 177
48 74 55 177
59 82 36 177
97 66 14 177
68 11 98 177
37 63 77 177
18 84 75 177
46 86 45 177
92 33 53 178
62 22 94 178
57 58 63 178
76 50 52 178
88 59 31 178
21 87 70 178
72 71 36 179
62 86 31 179
93 19 67 179
62 34 83 179
63 42 74 179
88 69 22 179
70 88 21 179
69 62 48 179
39 46 95 180
56 62 62 180
 0 82 98 180
37 67 76 180
94 39 47 180
78 45 57 180
95 21 64 180
33 81 66 180
37 56 88 181
76 46 59 181
37 47 97 181
33 76 72 181
78 57 46 181
37 98 46 181
65 28 89 182
44 95 43 182
24 66 92 182
94 50 38 182
42 49 91 182
70 38 74 182
75 28 80 183
31 73 79 183
93  0 90 183
61 54 68 183
77 88 19 184
35 67 82 184
74 54 56 184
49 39 97 185
93 46 46 185
48 93 44 185
73 95 17 185
50 85 50 185
83 16 87 186
76 74 36 186
75 98 13 186
50 44 94 188
37 68 83 188
61 56 71 188
14 81 93 188
79 86 24 189
74 29 86 189
89 89 11 189
65 70 54 189
67 87 35 189
24 81 84 189
58 63 68 189
59 58 72 189
84 54 51 189
70 74 45 189
22 94 73 189
83 47 59 189
17 86 87 190
77 15 98 190
66 79 45 190
73 43 74 190
93 39 58 190
91 30 69 190
32 66 92 190
64 85 42 191
79 16 96 191
90 50 51 191
92 40 59 191
68 64 59 191
84  9 98 191
60 56 76 192
41 85 66 192
72 29 91 192
74 66 52 192
59 96 37 192
61 76 55 192
49 46 98 193
91 13 89 193
79 65 49 193
16 86 91 193
74 21 98 193
55 40 98 193
94 86 13 193
85 86 23 194
50 53 91 194
74 51 69 194
75 31 88 194
83 69 42 194
32 79 84 195
81 81 33 195
88 11 96 195
62 88 45 195
90 22 83 195
98 37 61 196
86 77 33 196
54 54 88 196
95 97  4 196
43 98 55 196
58 94 44 196
52 59 85 196
23 81 93 197
66 68 63 197
77 64 56 197
85 27 85 197
82 69 46 197
84 81 32 197
81 37 80 198
66 89 43 198
67 63 69 199
66 82 51 199
65 62 72 199
62 76 61 199
74 47 78 199
97 68 34 199
95 51 54 200
39 87 74 200
92 25 83 200
71 91 38 200
96 80 24 200
97 82 21 200
49 67 84 200
67 58 76 201
19 92 90 201
36 85 80 201
96 71 35 202
44 97 61 202
93 19 90 202
89 30 83 202
57 80 65 202
90 67 45 202
84 82 36 202
64 43 95 202
98 13 91 202
84 72 46 202
26 81 96 203
98 68 37 203
78 28 98 204
83 54 67 204
52 82 70 204
81 56 67 204
27 84 93 204
81 49 74 204
86 29 89 204
71 61 73 205
40 87 78 205
83 42 80 205
63 96 46 205
92 48 65 205
45 94 67 206
89 26 91 206
91 28 88 207
85 31 92 208
93 45 70 208
94 28 86 208
81 82 45 208
87 81 40 208
87 55 67 209
83 84 42 209
67 88 54 209
89 96 25 210
59 64 87 210
67 73 70 210
55 91 65 211
96 55 60 211
50 70 91 211
84 86 41 211
93 79 40 212
93 26 93 212
90 42 80 212
88 33 91 212
73 61 78 212
77 52 83 212
95 68 49 212
55 80 78 213
45 86 82 213
37 92 84 213
73 47 93 213
70 66 78 214
54 76 84 214
43 95 76 214
81 69 64 214
69 97 49 215
83 51 81 215
55 91 69 215
97 66 52 215
69 68 78 215
82 44 90 216
24 98 94 216
75 49 92 216
67 80 70 217
96 70 51 217
66 94 57 217
86 76 56 218
78 80 60 218
75 97 46 218
50 94 74 218
90 76 52 218
92 35 91 218
97 29 92 218
70 87 62 219
48 73 98 219
67 97 55 219
91 58 70 219
80 84 56 220
85 59 76 220
85 87 48 220
82 72 67 221
48 84 89 221
80 72 69 221
96 74 51 221
70 70 82 222
41 87 95 223
63 76 84 223
91 73 59 223
41 98 86 225
48 85 92 225
88 50 87 225
70 84 71 225
84 89 53 226
86 50 91 227
82 48 97 227
97 40 91 228
90 41 98 229
78 86 65 229
63 90 77 230
49 90 93 232
94 51 87 232
90 90 53 233
96 60 77 233
80 77 77 234
95 58 81 234
85 92 58 235
45 93 97 235
92 49 95 236
94 71 71 236
53 98 85 236
81 83 72 236
95 85 57 237
80 79 79 238
90 58 90 238
52 89 98 239
87 67 85 239
93 93 54 240
89 84 68 241
73 93 77 243
52 94 98 244
93 66 85 244
92 92 60 244
98 58 88 244
79 69 97 245
68 91 86 245
93 81 72 246
85 78 84 247
67 94 86 247
68 91 88 247
69 83 96 248
89 74 86 249
93 90 67 250
82 81 89 252
90 71 91 252
86 93 73 252
97 93 68 258
97 78 83 258
94 82 85 261
81 85 97 263
95 85 86 266
93 94 84 271
81 96 96 273
0.0014944000000127744