 6  0 13  19
15  0  7  22
 6  9 10  25
 8  4 19  31
14  0 18  32
16 17  0  33
16 11  6  33
 2 27  9  38
37  0  1  38
17 19  2  38
17  3 19  39
19  5 15  39
18  3 18  39
25  1 13  39
22  4 15  41
14 12 15  41
10 32  1  43
 6  1 36  43
 5 25 14  44
 0 25 20  45
44  0  1  45
17 14 14  45
 3 22 21  46
 8  3 35  46
 7 41  1  49
 8 28 13  49
 1 44  6  51
10 33  8  51
46  2  3  51
16 19 17  52
 3 16 33  52
 2 35 16  53
25 20  8  53
10 32 12  54
23 25  7  55
36  1 18  55
 8 39  9  56
44  3 10  57
38 18  2  58
 3 13 42  58
51  5  2  58
23 24 12  59
16 22 21  59
15 29 16  60
10 41 10  61
27 25  9  61
 3 10 48  61
18 32 12  62
 1 50 11  62
11  2 49  62
13 30 19  62
 1 57  5  63
40 10 14  64
21 36  7  64
44  2 18  64
 4 38 23  65
29  2 34  65
20 43  2  65
 0 63  3  66
20 30 16  66
 3 13 50  66
39  3 24  66
49  9  9  67
 2  0 65  67
55  7  5  67
 8 45 15  68
 2 16 51  69
23  3 43  69
56  8  6  70
25 13 32  70
18 46  6  70
57 11  3  71
 5 15 51  71
22  0 49  71
 1 26 44  71
20 34 17  71
19 17 36  72
13  6 53  72
16 41 15  72
17 30 25  72
43 10 19  72
18  9 46  73
37  2 35  74
 8 13 54  75
59  5 11  75
26 42  9  77
18 29 30  77
30 22 26  78
26 44  8  78
35  2 42  79
21  8 50  79
 1 62 16  79
20 23 36  79
41 39  0  80
23 10 47  80
37 29 14  80
 0 73  8  81
 5 50 26  81
72  5  4  81
47 34  1  82
48 16 18  82
28 19 35  82
38 13 31  82
 9 13 61  83
 4 75  4  83
 0 40 43  83
10 23 50  83
55 28  1  84
 9 70  5  84
23  1 60  84
25 33 26  84
 4 24 56  84
39  7 39  85
 4  6 75  85
10 69  6  85
64  5 17  86
80  2  4  86
 5  7 74  86
 8 66 12  86
62 15  9  86
45 40  1  86
16 33 38  87
15 36 36  87
 3  9 75  87
31  0 56  87
11 37 39  87
61 15 11  87
19 43 25  87
11  2 74  87
43  1 43  87
53 31  4  88
10 70  8  88
43 37  8  88
63 17  9  89
17 60 12  89
61 21  7  89
28 11 50  89
25 46 18  89
22 10 57  89
31  9 50  90
26 34 30  90
53  9 28  90
19 33 38  90
44 43  3  90
 6 58 27  91
46 37  8  91
 7 37 47  91
12 49 30  91
20 36 35  91
48 38  5  91
16 73  3  92
31 56  5  92
56 12 24  92
85  3  4  92
82  6  4  92
 7 31 55  93
10  6 77  93
 3 72 19  94
50 18 26  94
37 44 13  94
31 26 37  94
29 45 21  95
62 20 13  95
 4 85  6  95
88  2  5  95
22 14 59  95
48 34 13  95
17 14 65  96
11  7 78  96
50  3 43  96
95  2  0  97
89  2  6  97
19 42 36  97
61 12 24  97
22 13 62  97
58 31  8  97
 1 32 64  97
50 30 17  97
59 37  2  98
48  5 45  98
17 13 68  98
34 54 10  98
18 59 22  99
54  6 39  99
34 36 31 101
37 34 30 101
12 35 54 101
18 60 23 101
 1 55 45 101
69 19 14 102
57 27 18 102
38 35 29 102
76 10 16 102
 9 62 31 102
42 26 35 103
15 59 30 104
21  1 82 104
25 66 13 104
65 16 23 104
74 22  8 104
60 25 20 105
20 32 53 105
 5 17 83 105
52  4 49 105
20 76  9 105
 3 66 36 105
36 47 23 106
19 85  2 106
22 26 58 106
33 26 47 106
47 48 11 106
53 23 31 107
20  5 82 107
54 40 13 107
25 13 69 107
17 77 13 107
47  2 59 108
39 59 10 108
75  3 30 108
 4 18 86 108
16 65 27 108
59 35 15 109
37  5 67 109
31 28 50 109
 6 69 34 109
54  8 47 109
13 69 27 109
 8 79 22 109
 7 30 72 109
57 46  6 109
 3 19 88 110
16 13 81 110
48  6 56 110
37 14 59 110
58 28 25 111
 6 48 57 111
26 16 69 111
24 47 40 111
87 22  2 111
47 17 47 111
66  0 45 111
75 27  9 111
85 27  0 112
88 21  3 112
35 28 49 112
 7 58 47 112
22 54 36 112
23 43 46 112
 6 10 96 112
28 49 35 112
59 49  4 112
21 90  1 112
 9 36 68 113
16 57 40 113
45 66  2 113
73  4 36 113
44 63  6 113
10 27 77 114
11  5 98 114
32 33 49 114
22 28 64 114
32 45 37 114
29 44 41 114
 4 81 29 114
57 30 28 115
72 29 14 115
79  2 34 115
14 72 29 115
24 61 30 115
51  3 61 115
79 27 10 116
80 25 11 116
 0 20 96 116
14 28 75 117
33 56 28 117
 0 84 33 117
46 69  2 117
48  3 66 117
80 37  1 118
37 24 57 118
62 43 13 118
28  3 87 118
37 79  2 118
73 28 17 118
20 47 52 119
20 74 25 119
28 15 76 119
60 11 48 119
33 31 55 119
51 13 55 119
 6 68 45 119
75 37  7 119
53 43 24 120
11 46 63 120
 5 85 30 120
71 17 32 120
20 88 13 121
60 54  7 121
87  0 34 121
32 47 42 121
65 15 41 121
28 84  9 121
74 25 22 121
 0 88 33 121
21 51 49 121
68  3 50 121
 7 88 26 121
49 70  3 122
47 32 43 122
 0 57 65 122
29 19 74 122
85  2 35 122
12 82 28 122
72  0 50 122
67 37 18 122
39 19 64 122
68 24 30 122
26  7 90 123
49 51 23 123
18 91 14 123
43 14 66 123
47 65 11 123
34 76 13 123
30 44 49 123
32 31 61 124
92 15 17 124
18 27 79 124
80 33 11 124
84  3 38 125
28 10 87 125
61 15 49 125
17 35 73 125
15 79 31 125
34 60 31 125
 2 28 95 125
44  6 75 125
60 31 34 125
15 40 71 126
34 79 13 126
45  9 72 126
14 37 75 126
21 59 46 126
25 74 27 126
64 35 27 126
 4 26 96 126
21 26 79 126
56 45 25 126
92  8 27 127
28 89 10 127
17 26 84 127
62 15 50 127
63 16 48 127
 8 51 68 127
56 30 41 127
21 51 55 127
20 11 97 128
35 60 33 128
86 23 19 128
61 20 47 128
49 27 52 128
26 95  7 128
82 34 12 128
70  0 58 128
 6 95 27 128
65  4 59 128
12 57 60 129
34  9 86 129
69 17 43 129
98 23  8 129
45 21 63 129
22 85 23 130
74 41 15 130
81 22 27 130
28 74 28 130
35 14 81 130
18 69 43 130
71 43 16 130
88  8 34 130
86 40  5 131
60 16 55 131
 5 79 47 131
78 11 42 131
14 45 72 131
 2 34 95 131
34 97  0 131
 4 33 94 131
23 16 93 132
14 78 40 132
55 28 49 132
14 98 20 132
12 25 95 132
19 79 34 132
29 18 85 132
45 80  7 132
93 30  9 132
 9 79 44 132
50 68 15 133
65 66  2 133
29 31 74 134
20 93 21 134
19 43 72 134
68 49 17 134
93 10 31 134
11 73 50 134
70 49 15 134
42 89  3 134
53 15 67 135
96 35  4 135
60 32 43 135
47 48 40 135
37 51 47 135
79 49  7 135
12 68 56 136
54 30 52 136
 8 70 58 136
61 72  3 136
 8 67 61 136
70  8 58 136
40 24 72 136
 8 46 82 136
54 35 47 136
38 44 54 136
92  3 42 137
17 26 94 137
58 61 18 137
97 23 17 137
 8 74 55 137
37 72 29 138
59 27 52 138
17 44 77 138
44 59 35 138
48 58 32 138
35 47 56 138
43 95  0 138
61 32 45 138
44 73 22 139
72 29 38 139
30 22 87 139
46 32 61 139
48 69 22 139
46 68 25 139
78 20 42 140
 7 70 63 140
58 41 41 140
69 61 10 140
18 42 80 140
29 47 64 140
61 71  8 140
53 51 37 141
85 27 29 141
 9 59 73 141
29 75 38 142
82 29 31 142
53 61 28 142
48 21 73 142
50 14 78 142
60 64 18 142
22 28 92 142
32 63 47 142
64 22 56 142
81 51 11 143
49 69 25 143
90 29 24 143
52 11 80 143
64 24 56 144
53 47 44 144
60  9 75 144
61 78  5 144
15 97 32 144
24 64 56 144
13 93 38 144
45 26 74 145
39 64 42 145
21 93 31 145
54 78 13 145
28 75 42 145
68 62 15 145
42 32 71 145
88 22 35 145
63  4 79 146
93 46  7 146
73 34 39 146
43 11 92 146
91  7 48 146
98 16 32 146
76 12 58 146
46 23 77 146
49 47 50 146
46 65 35 146
 3 74 70 147
67 11 69 147
93 20 34 147
72  8 67 147
61 35 51 147
 0 76 72 148
27 40 81 148
36 76 36 148
96 49  3 148
64 40 44 148
72 60 17 149
 7 66 76 149
 2 56 91 149
56 54 39 149
 7 94 48 149
 2 54 93 149
73 74  3 150
89 54  7 150
36 25 89 150
92  2 56 150
51 95  4 150
84 49 17 150
63  2 85 150
68 49 33 150
 3 59 88 150
59  5 86 150
37 93 20 150
13 87 50 150
53 71 26 150
90 14 47 151
65 44 42 151
53  0 98 151
19 58 75 152
96 20 36 152
67 66 19 152
61 71 20 152
72 66 14 152
49 29 74 152
50 26 76 152
67 25 61 153
91 26 36 153
83 15 55 153
16 82 55 153
73 50 30 153
48 51 54 153
75 30 48 153
45 61 48 154
72 20 62 154
 1 95 58 154
41 75 38 154
90  4 60 154
74 59 22 155
89 41 25 155
86  0 69 155
71 70 14 155
11 94 50 155
 9 98 48 155
22 85 48 155
29 95 31 155
53 68 35 156
 8 90 58 156
18 90 48 156
65 88  3 156
41 48 67 156
44 82 31 157
93 15 49 157
89 33 35 157
36 63 58 157
52 29 76 157
38 62 57 157
95 20 42 157
71 74 13 158
67 29 62 158
50 61 47 158
67 73 18 158
50 11 97 158
16 65 77 158
 6 91 61 158
30 57 71 158
11 69 78 158
70 27 61 158
 1 66 91 158
62 22 75 159
77 15 67 159
86 34 39 159
64 58 37 159
93 62  4 159
75  6 78 159
58 75 26 159
62 77 20 159
76  2 81 159
63 71 25 159
32 51 76 159
91 61  8 160
 1 90 69 160
30 76 54 160
37 47 76 160
83 62 15 160
70 55 35 160
47 22 91 160
75  8 78 161
58 91 12 161
16 85 60 161
46 53 62 161
47 24 90 161
58 87 16 161
64 52 45 161
71 14 76 161
 9 95 57 161
62 83 16 161
69 58 34 161
88 69  4 161
78 19 64 161
38 55 69 162
82 71  9 162
76 34 52 162
45 49 68 162
 8 59 95 162
66 47 49 162
30 73 59 162
68 43 51 162
84 14 65 163
41 40 82 163
86 58 19 163
31 59 73 163
64 24 75 163
55 17 91 163
65 95  3 163
32 51 80 163
14 88 61 163
98 43 23 164
44 50 70 164
51 42 71 164
61 46 57 164
22 87 55 164
50 66 49 165
45 40 80 165
60 38 67 165
30 52 83 165
83 11 71 165
94 16 55 165
66  5 94 165
44 70 52 166
35 89 42 166
80 52 34 166
79 32 55 166
39 75 52 166
80 34 52 166
74 77 15 166
61 45 61 167
34 77 56 167
92 61 14 167
53 54 60 167
87 38 42 167
34 88 45 167
96 16 55 167
52 96 20 168
84 35 49 168
60 73 35 168
61 77 30 168
38 72 58 168
56 21 91 168
73  9 86 168
66 92 10 168
42 83 44 169
75 83 11 169
28 57 84 169
71 22 76 169
50 72 47 169
90 28 51 169
25 89 55 169
88 26 55 169
21 89 60 170
61 36 73 170
55 29 86 170
60 51 59 170
55 67 48 170
58 14 98 170
21 78 71 170
46 26 98 170
30 62 78 170
70 34 66 170
40 86 45 171
86 29 56 171
59 30 82 171
87 22 62 171
10 66 95 171
74 30 67 171
22 56 93 171
79 36 56 171
67 79 25 171
60 53 58 171
34 83 54 171
61 43 67 171
11 78 83 172
27 73 72 172
31 56 85 172
74  8 90 172
70 12 90 172
74 70 29 173
58 35 80 173
58 42 73 173
 4 95 75 174
14 93 67 174
86 27 61 174
87 62 25 174
10 85 79 174
76 83 15 174
11 97 66 174
61 72 41 174
50 63 61 174
81 21 73 175
29 48 98 175
88 55 32 175
63 77 35 175
72 91 12 175
77 15 84 176
34 66 76 176
91 57 28 176
77 95  4 176
95 79  2 176
66 83 27 176
88 40 48 176
55 35 86 176
51 62 63 176
97 66 14 177
35 62 80 177
18 84 75 177
68 11 98 177
37 63 77 177
26 90 61 177
46 86 45 177
70 38 69 177
59 82 36 177
48 74 55 177
88 59 31 178
21 87 70 178
76 50 52 178
62 22 94 178
57 58 63 178
92 33 53 178
69 62 48 179
62 34 83 179
70 88 21 179
63 42 74 179
72 71 36 179
62 86 31 179
93 19 67 179
88 69 22 179
56 62 62 180
 0 82 98 180
94 39 47 180
95 21 64 180
37 67 76 180
78 45 57 180
33 81 66 180
39 46 95 180
37 98 46 181
37 47 97 181
78 57 46 181
37 56 88 181
76 46 59 181
33 76 72 181
70 38 74 182
94 50 38 182
42 49 91 182
65 28 89 182
44 95 43 182
24 66 92 182
31 73 79 183
93  0 90 183
75 28 80 183
61 54 68 183
74 54 56 184
35 67 82 184
77 88 19 184
73 95 17 185
93 46 46 185
49 39 97 185
48 93 44 185
50 85 50 185
83 16 87 186
75 98 13 186
76 74 36 186
37 68 83 188
61 56 71 188
14 81 93 188
50 44 94 188
24 81 84 189
79 86 24 189
74 29 86 189
70 74 45 189
89 89 11 189
65 70 54 189
83 47 59 189
22 94 73 189
59 58 72 189
67 87 35 189
58 63 68 189
84 54 51 189
91 30 69 190
66 79 45 190
93 39 58 190
17 86 87 190
32 66 92 190
73 43 74 190
77 15 98 190
79 16 96 191
68 64 59 191
84  9 98 191
64 85 42 191
90 50 51 191
92 40 59 191
61 76 55 192
41 85 66 192
60 56 76 192
59 96 37 192
74 66 52 192
72 29 91 192
55 40 98 193
91 13 89 193
16 86 91 193
49 46 98 193
79 65 49 193
74 21 98 193
94 86 13 193
50 53 91 194
74 51 69 194
83 69 42 194
75 31 88 194
85 86 23 194
62 88 45 195
32 79 84 195
90 22 83 195
81 81 33 195
88 11 96 195
58 94 44 196
86 77 33 196
43 98 55 196
95 97  4 196
98 37 61 196
54 54 88 196
52 59 85 196
82 69 46 197
84 81 32 197
77 64 56 197
85 27 85 197
23 81 93 197
66 68 63 197
81 37 80 198
66 89 43 198
97 68 34 199
65 62 72 199
67 63 69 199
66 82 51 199
62 76 61 199
74 47 78 199
92 25 83 200
49 67 84 200
97 82 21 200
95 51 54 200
39 87 74 200
71 91 38 200
96 80 24 200
36 85 80 201
67 58 76 201
19 92 90 201
57 80 65 202
44 97 61 202
84 72 46 202
89 30 83 202
64 43 95 202
96 71 35 202
98 13 91 202
84 82 36 202
93 19 90 202
90 67 45 202
26 81 96 203
98 68 37 203
86 29 89 204
83 54 67 204
81 49 74 204
52 82 70 204
27 84 93 204
78 28 98 204
81 56 67 204
92 48 65 205
40 87 78 205
71 61 73 205
83 42 80 205
63 96 46 205
89 26 91 206
45 94 67 206
91 28 88 207
93 45 70 208
85 31 92 208
81 82 45 208
94 28 86 208
87 81 40 208
67 88 54 209
83 84 42 209
87 55 67 209
59 64 87 210
67 73 70 210
89 96 25 210
55 91 65 211
96 55 60 211
50 70 91 211
84 86 41 211
77 52 83 212
73 61 78 212
88 33 91 212
90 42 80 212
93 79 40 212
93 26 93 212
95 68 49 212
45 86 82 213
55 80 78 213
73 47 93 213
37 92 84 213
54 76 84 214
81 69 64 214
43 95 76 214
70 66 78 214
55 91 69 215
97 66 52 215
83 51 81 215
69 97 49 215
69 68 78 215
82 44 90 216
24 98 94 216
75 49 92 216
66 94 57 217
67 80 70 217
96 70 51 217
86 76 56 218
90 76 52 218
97 29 92 218
50 94 74 218
92 35 91 218
75 97 46 218
78 80 60 218
67 97 55 219
91 58 70 219
48 73 98 219
70 87 62 219
85 59 76 220
85 87 48 220
80 84 56 220
48 84 89 221
82 72 67 221
96 74 51 221
80 72 69 221
70 70 82 222
41 87 95 223
63 76 84 223
91 73 59 223
48 85 92 225
88 50 87 225
70 84 71 225
41 98 86 225
84 89 53 226
86 50 91 227
82 48 97 227
97 40 91 228
90 41 98 229
78 86 65 229
63 90 77 230
49 90 93 232
94 51 87 232
96 60 77 233
90 90 53 233
80 77 77 234
95 58 81 234
85 92 58 235
45 93 97 235
94 71 71 236
81 83 72 236
92 49 95 236
53 98 85 236
95 85 57 237
80 79 79 238
90 58 90 238
87 67 85 239
52 89 98 239
93 93 54 240
89 84 68 241
73 93 77 243
92 92 60 244
52 94 98 244
98 58 88 244
93 66 85 244
79 69 97 245
68 91 86 245
93 81 72 246
67 94 86 247
68 91 88 247
85 78 84 247
69 83 96 248
89 74 86 249
93 90 67 250
82 81 89 252
86 93 73 252
90 71 91 252
97 78 83 258
97 93 68 258
94 82 85 261
81 85 97 263
95 85 86 266
93 94 84 271
81 96 96 273
0.03719019999999773