15  6 26  47
23 18 27  68
 4 12 53  69
28 37  5  70
19 47 13  79
42 12 26  80
 0 74  9  83
14  0 70  84
47 27 13  87
16 27 49  92
 6 42 48  96
45 44  9  98
18 52 30 100
52 34 14 100
40 14 47 101
23 21 58 102
 2 74 29 105
11 30 64 105
45 24 36 105
90  1 14 105
65 19 22 106
12 78 16 106
11 90  6 107
 8 19 82 109
 2 43 64 109
42 47 29 118
 9 29 80 118
29 61 29 119
29 69 21 119
27 62 35 124
14 94 17 125
38 61 27 126
46 19 63 128
15 92 21 128
35 17 81 133
72 49 15 136
46 10 80 136
40 70 27 137
57 71 10 138
38 29 71 138
36 25 77 138
 5 89 47 141
67 32 46 145
29 22 94 145
93  9 43 145
68 71  7 146
20 46 81 147
35 61 52 148
65 31 54 150
83 18 50 151
98  8 45 151
55 15 81 151
90 14 50 154
65 53 36 154
58 93  5 156
77 28 54 159
46 21 92 159
62 52 47 161
59 85 17 161
62 20 83 165
75 56 36 167
69 46 52 167
46 69 53 168
68 23 78 169
86 15 69 170
10 84 83 177
96 60 25 181
78 68 35 181
78 20 85 183
25 93 66 184
33 65 86 184
73 49 64 186
72 67 48 187
91 76 20 187
88 90 10 188
37 97 55 189
71 31 89 191
26 77 91 194
85 80 32 197
77 76 44 197
95 17 86 198
79 46 73 198
86 51 64 201
66 86 50 202
85 80 37 202
45 83 75 203
75 69 61 205
70 41 95 206
77 55 75 207
45 76 87 208
63 85 62 210
34 89 89 212
86 59 68 213
81 40 95 216
83 45 97 225
53 82 96 231
90 68 74 232
80 73 82 235
89 91 91 271
96 86 93 275
0.0009997000000225853